SIMULATION START
2
-0.999982 0.00499998 0 0.00333334 0.499994 0
0.999991 -0.00249999 0 -0.00166667 -0.249997 0
-0.99993 0.00999983 0 0.00666671 0.499976 0
0.999965 -0.00499992 0 -0.00333336 -0.249988 0
-0.999845 0.0149994 0 0.0100001 0.499946 0
0.999922 -0.00749972 0 -0.00500007 -0.249973 0
-0.999727 0.0199987 0 0.0133337 0.499902 0
0.999863 -0.00999933 0 -0.00666683 -0.249951 0
-0.999575 0.0249974 0 0.0166673 0.499847 0
0.999787 -0.0124987 0 -0.00833364 -0.249923 0
-0.99939 0.0299955 0 0.0200011 0.499779 0
0.999695 -0.0149978 0 -0.0100005 -0.249889 0
-0.999172 0.0349929 0 0.023335 0.499698 0
0.999586 -0.0174964 0 -0.0116675 -0.249849 0
-0.99892 0.0399893 0 0.0266691 0.499605 0
0.99946 -0.0199947 0 -0.0133346 -0.249802 0
-0.998635 0.0449848 0 0.0300034 0.499499 0
0.999317 -0.0224924 0 -0.0150017 -0.24975 0
-0.998317 0.0499792 0 0.033338 0.499381 0
0.999158 -0.0249896 0 -0.016669 -0.24969 0
-0.997965 0.0549723 0 0.0366728 0.49925 0
0.998982 -0.0274861 0 -0.0183364 -0.249625 0
-0.99758 0.059964 0 0.040008 0.499107 0
0.99879 -0.029982 0 -0.020004 -0.249553 0
-0.997161 0.0649542 0 0.0433434 0.498951 0
0.998581 -0.0324771 0 -0.0216717 -0.249475 0
-0.99671 0.0699428 0 0.0466792 0.498782 0
0.998355 -0.0349714 0 -0.0233396 -0.249391 0
-0.996224 0.0749296 0 0.0500154 0.498601 0
0.998112 -0.0374648 0 -0.0250077 -0.249301 0
-0.995706 0.0799146 0 0.053352 0.498407 0
0.997853 -0.0399573 0 -0.026676 -0.249204 0
-0.995154 0.0848975 0 0.056689 0.498201 0
0.997577 -0.0424488 0 -0.0283445 -0.249101 0
-0.994569 0.0898784 0 0.0600264 0.497982 0
0.997284 -0.0449392 0 -0.0300132 -0.248991 0
-0.99395 0.0948569 0 0.0633643 0.497751 0
0.996975 -0.0474285 0 -0.0316822 -0.248875 0
-0.993298 0.0998331 0 0.0667027 0.497506 0
0.996649 -0.0499165 0 -0.0333514 -0.248753 0
-0.992613 0.104807 0 0.0700416 0.497249 0
0.996306 -0.0524034 0 -0.0350208 -0.248625 0
-0.991894 0.109778 0 0.0733811 0.49698 0
0.995947 -0.0548889 0 -0.0366906 -0.24849 0
-0.991142 0.114746 0 0.0767212 0.496697 0
0.995571 -0.057373 0 -0.0383606 -0.248349 0
-0.990356 0.119711 0 0.0800619 0.496402 0
0.995178 -0.0598557 0 -0.0400309 -0.248201 0
-0.989537 0.124674 0 0.0834032 0.496094 0
0.994769 -0.0623369 0 -0.0417016 -0.248047 0
-0.988685 0.129633 0 0.0867451 0.495774 0
0.994342 -0.0648165 0 -0.0433726 -0.247887 0
-0.987799 0.134589 0 0.0900877 0.49544 0
0.993899 -0.0672944 0 -0.0450439 -0.24772 0
-0.98688 0.139541 0 0.0934311 0.495094 0
0.99344 -0.0697707 0 -0.0467155 -0.247547 0
-0.985927 0.14449 0 0.0967751 0.494734 0
0.992964 -0.0722451 0 -0.0483876 -0.247367 0
-0.984941 0.149436 0 0.10012 0.494362 0
0.99247 -0.0747178 0 -0.05006 -0.247181 0
-0.983921 0.154377 0 0.103466 0.493977 0
0.991961 -0.0771886 0 -0.0517328 -0.246989 0
-0.982868 0.159315 0 0.106812 0.493579 0
0.991434 -0.0796574 0 -0.053406 -0.24679 0
-0.981782 0.164248 0 0.110159 0.493168 0
0.990891 -0.0821241 0 -0.0550796 -0.246584 0
-0.980662 0.169178 0 0.113507 0.492744 0
0.990331 -0.0845888 0 -0.0567536 -0.246372 0
-0.979508 0.174103 0 0.116856 0.492307 0
0.989754 -0.0870513 0 -0.0584281 -0.246154 0
-0.978321 0.179023 0 0.120206 0.491857 0
0.989161 -0.0895116 0 -0.060103 -0.245929 0
-0.977101 0.183939 0 0.123557 0.491394 0
0.98855 -0.0919697 0 -0.0617784 -0.245697 0
-0.975847 0.188851 0 0.126909 0.490918 0
0.987923 -0.0944253 0 -0.0634543 -0.245459 0
-0.974559 0.193757 0 0.130261 0.490428 0
0.98728 -0.0968786 0 -0.0651307 -0.245214 0
-0.973238 0.198659 0 0.133615 0.489926 0
0.986619 -0.0993293 0 -0.0668075 -0.244963 0
-0.971884 0.203555 0 0.13697 0.48941 0
0.985942 -0.101778 0 -0.0684849 -0.244705 0
-0.970495 0.208446 0 0.140326 0.48888 0
0.985248 -0.104223 0 -0.0701628 -0.24444 0
-0.969074 0.213332 0 0.143683 0.488338 0
0.984537 -0.106666 0 -0.0718413 -0.244169 0
-0.967618 0.218212 0 0.147041 0.487782 0
0.983809 -0.109106 0 -0.0735203 -0.243891 0
-0.966129 0.223087 0 0.1504 0.487212 0
0.983065 -0.111544 0 -0.0751998 -0.243606 0
-0.964607 0.227956 0 0.15376 0.48663 0
0.982303 -0.113978 0 -0.07688 -0.243315 0
-0.963051 0.232819 0 0.157121 0.486033 0
0.981525 -0.11641 0 -0.0785607 -0.243017 0
-0.961461 0.237676 0 0.160484 0.485423 0
0.980731 -0.118838 0 -0.080242 -0.242712 0
-0.959838 0.242527 0 0.163848 0.4848 0
0.979919 -0.121263 0 -0.0819239 -0.2424 0
-0.958181 0.247371 0 0.167213 0.484163 0
0.97909 -0.123686 0 -0.0836065 -0.242081 0
-0.95649 0.252209 0 0.170579 0.483512 0
0.978245 -0.126105 0 -0.0852896 -0.241756 0
-0.954766 0.257041 0 0.173947 0.482847 0
0.977383 -0.12852 0 -0.0869735 -0.241424 0
-0.953008 0.261866 0 0.177316 0.482169 0
0.976504 -0.130933 0 -0.0886579 -0.241084 0
-0.951216 0.266684 0 0.180686 0.481477 0
0.975608 -0.133342 0 -0.0903431 -0.240738 0
-0.949391 0.271495 0 0.184058 0.480771 0
0.974695 -0.135747 0 -0.0920289 -0.240385 0
-0.947532 0.276298 0 0.187431 0.48005 0
0.973766 -0.138149 0 -0.0937155 -0.240025 0
-0.945639 0.281095 0 0.190805 0.479316 0
0.972819 -0.140547 0 -0.0954027 -0.239658 0
-0.943712 0.285884 0 0.194181 0.478568 0
0.971856 -0.142942 0 -0.0970906 -0.239284 0
-0.941752 0.290665 0 0.197559 0.477806 0
0.970876 -0.145333 0 -0.0987793 -0.238903 0
-0.939758 0.295439 0 0.200937 0.477029 0
0.969879 -0.14772 0 -0.100469 -0.238515 0
-0.93773 0.300205 0 0.204318 0.476239 0
0.968865 -0.150103 0 -0.102159 -0.238119 0
-0.935668 0.304963 0 0.207699 0.475434 0
0.967834 -0.152482 0 -0.10385 -0.237717 0
-0.933572 0.309713 0 0.211083 0.474614 0
0.966786 -0.154856 0 -0.105541 -0.237307 0
-0.931443 0.314454 0 0.214468 0.473781 0
0.965721 -0.157227 0 -0.107234 -0.23689 0
-0.92928 0.319188 0 0.217854 0.472932 0
0.96464 -0.159594 0 -0.108927 -0.236466 0
-0.927082 0.323912 0 0.221242 0.472069 0
0.963541 -0.161956 0 -0.110621 -0.236035 0
-0.924851 0.328628 0 0.224632 0.471192 0
0.962426 -0.164314 0 -0.112316 -0.235596 0
-0.922586 0.333335 0 0.228023 0.4703 0
0.961293 -0.166668 0 -0.114012 -0.23515 0
-0.920287 0.338033 0 0.231416 0.469393 0
0.960144 -0.169017 0 -0.115708 -0.234696 0
-0.917955 0.342722 0 0.234811 0.468471 0
0.958977 -0.171361 0 -0.117405 -0.234235 0
-0.915588 0.347402 0 0.238207 0.467534 0
0.957794 -0.173701 0 -0.119104 -0.233767 0
-0.913187 0.352072 0 0.241605 0.466582 0
0.956594 -0.176036 0 -0.120803 -0.233291 0
-0.910752 0.356732 0 0.245005 0.465615 0
0.955376 -0.178366 0 -0.122503 -0.232808 0
-0.908284 0.361383 0 0.248407 0.464633 0
0.954142 -0.180691 0 -0.124203 -0.232317 0
-0.905781 0.366024 0 0.25181 0.463636 0
0.95289 -0.183012 0 -0.125905 -0.231818 0
-0.903244 0.370655 0 0.255215 0.462624 0
0.951622 -0.185327 0 -0.127608 -0.231312 0
-0.900673 0.375275 0 0.258622 0.461596 0
0.950337 -0.187638 0 -0.129311 -0.230798 0
-0.898068 0.379885 0 0.262031 0.460552 0
0.949034 -0.189943 0 -0.131016 -0.230276 0
-0.895429 0.384485 0 0.265442 0.459493 0
0.947715 -0.192243 0 -0.132721 -0.229747 0
-0.892756 0.389074 0 0.268854 0.458419 0
0.946378 -0.194537 0 -0.134427 -0.229209 0
-0.890049 0.393652 0 0.272269 0.457329 0
0.945024 -0.196826 0 -0.136134 -0.228664 0
-0.887307 0.39822 0 0.275685 0.456222 0
0.943654 -0.19911 0 -0.137843 -0.228111 0
-0.884531 0.402776 0 0.279103 0.4551 0
0.942266 -0.201388 0 -0.139552 -0.22755 0
-0.881722 0.40732 0 0.282524 0.453962 0
0.940861 -0.20366 0 -0.141262 -0.226981 0
-0.878878 0.411854 0 0.285946 0.452808 0
0.939439 -0.205927 0 -0.142973 -0.226404 0
-0.875999 0.416375 0 0.28937 0.451638 0
0.938 -0.208188 0 -0.144685 -0.225819 0
-0.873087 0.420885 0 0.292796 0.450451 0
0.936543 -0.210443 0 -0.146398 -0.225226 0
-0.87014 0.425383 0 0.296224 0.449248 0
0.93507 -0.212692 0 -0.148112 -0.224624 0
-0.867159 0.429869 0 0.299654 0.448029 0
0.933579 -0.214934 0 -0.149827 -0.224014 0
-0.864143 0.434342 0 0.303086 0.446792 0
0.932072 -0.217171 0 -0.151543 -0.223396 0
-0.861094 0.438803 0 0.30652 0.44554 0
0.930547 -0.219402 0 -0.15326 -0.22277 0
-0.858009 0.443252 0 0.309957 0.44427 0
0.929005 -0.221626 0 -0.154978 -0.222135 0
-0.854891 0.447688 0 0.313395 0.442983 0
0.927446 -0.223844 0 -0.156697 -0.221492 0
-0.851738 0.45211 0 0.316835 0.44168 0
0.925869 -0.226055 0 -0.158418 -0.22084 0
-0.848551 0.45652 0 0.320278 0.440359 0
0.924275 -0.22826 0 -0.160139 -0.22018 0
-0.845329 0.460916 0 0.323722 0.439021 0
0.922665 -0.230458 0 -0.161861 -0.219511 0
-0.842073 0.465299 0 0.327169 0.437666 0
0.921036 -0.232649 0 -0.163584 -0.218833 0
-0.838782 0.469668 0 0.330618 0.436293 0
0.919391 -0.234834 0 -0.165309 -0.218147 0
-0.835457 0.474023 0 0.334069 0.434903 0
0.917729 -0.237012 0 -0.167034 -0.217451 0
-0.832097 0.478365 0 0.337522 0.433495 0
0.916049 -0.239182 0 -0.168761 -0.216747 0
-0.828703 0.482692 0 0.340977 0.432069 0
0.914352 -0.241346 0 -0.170488 -0.216035 0
-0.825274 0.487004 0 0.344434 0.430625 0
0.912637 -0.243502 0 -0.172217 -0.215313 0
-0.821811 0.491303 0 0.347894 0.429163 0
0.910906 -0.245651 0 -0.173947 -0.214582 0
-0.818313 0.495586 0 0.351355 0.427683 0
0.909157 -0.247793 0 -0.175678 -0.213842 0
-0.814781 0.499855 0 0.354819 0.426185 0
0.90739 -0.249927 0 -0.17741 -0.213092 0
-0.811213 0.504108 0 0.358285 0.424668 0
0.905607 -0.252054 0 -0.179143 -0.212334 0
-0.807611 0.508347 0 0.361754 0.423132 0
0.903806 -0.254173 0 -0.180877 -0.211566 0
-0.803975 0.512569 0 0.365224 0.421578 0
0.901987 -0.256285 0 -0.182612 -0.210789 0
-0.800303 0.516776 0 0.368697 0.420005 0
0.900152 -0.258388 0 -0.184348 -0.210002 0
-0.796597 0.520968 0 0.372172 0.418413 0
0.898299 -0.260484 0 -0.186086 -0.209206 0
-0.792856 0.525143 0 0.375649 0.416801 0
0.896428 -0.262572 0 -0.187824 -0.208401 0
-0.789081 0.529302 0 0.379128 0.415171 0
0.89454 -0.264651 0 -0.189564 -0.207585 0
-0.78527 0.533445 0 0.382609 0.413521 0
0.892635 -0.266722 0 -0.191305 -0.20676 0
-0.781425 0.537571 0 0.386093 0.411851 0
0.890713 -0.268785 0 -0.193047 -0.205925 0
-0.777545 0.54168 0 0.389579 0.410161 0
0.888773 -0.27084 0 -0.194789 -0.205081 0
-0.77363 0.545772 0 0.393067 0.408452 0
0.886815 -0.272886 0 -0.196534 -0.204226 0
-0.76968 0.549847 0 0.396557 0.406723 0
0.88484 -0.274924 0 -0.198279 -0.203361 0
-0.765695 0.553905 0 0.40005 0.404973 0
0.882848 -0.276952 0 -0.200025 -0.202487 0
-0.761676 0.557945 0 0.403544 0.403203 0
0.880838 -0.278972 0 -0.201772 -0.201602 0
-0.757621 0.561967 0 0.407041 0.401413 0
0.878811 -0.280984 0 -0.203521 -0.200706 0
-0.753531 0.565971 0 0.41054 0.399601 0
0.876766 -0.282986 0 -0.20527 -0.199801 0
-0.749407 0.569957 0 0.414042 0.397769 0
0.874703 -0.284979 0 -0.207021 -0.198885 0
-0.745247 0.573925 0 0.417545 0.395916 0
0.872624 -0.286962 0 -0.208773 -0.197958 0
-0.741052 0.577874 0 0.421051 0.394042 0
0.870526 -0.288937 0 -0.210525 -0.197021 0
-0.736823 0.581804 0 0.424558 0.392146 0
0.868411 -0.290902 0 -0.212279 -0.196073 0
-0.732558 0.585715 0 0.428068 0.390228 0
0.866279 -0.292857 0 -0.214034 -0.195114 0
-0.728258 0.589606 0 0.43158 0.388289 0
0.864129 -0.294803 0 -0.21579 -0.194145 0
-0.723923 0.593478 0 0.435094 0.386328 0
0.861961 -0.296739 0 -0.217547 -0.193164 0
-0.719552 0.597331 0 0.438611 0.384345 0
0.859776 -0.298665 0 -0.219305 -0.192172 0
-0.715147 0.601163 0 0.442129 0.382339 0
0.857573 -0.300582 0 -0.221064 -0.19117 0
-0.710706 0.604975 0 0.445649 0.380311 0
0.855353 -0.302488 0 -0.222825 -0.190156 0
-0.70623 0.608767 0 0.449172 0.37826 0
0.853115 -0.304384 0 -0.224586 -0.18913 0
-0.701719 0.612538 0 0.452696 0.376187 0
0.85086 -0.306269 0 -0.226348 -0.188093 0
-0.697173 0.616289 0 0.456222 0.37409 0
0.848586 -0.308144 0 -0.228111 -0.187045 0
-0.692591 0.620018 0 0.459751 0.37197 0
0.846296 -0.310009 0 -0.229875 -0.185985 0
-0.687974 0.623726 0 0.463281 0.369826 0
0.843987 -0.311863 0 -0.231641 -0.184913 0
-0.683322 0.627412 0 0.466813 0.367659 0
0.841661 -0.313706 0 -0.233407 -0.183829 0
-0.678634 0.631077 0 0.470348 0.365467 0
0.839317 -0.315538 0 -0.235174 -0.182734 0
-0.673912 0.634719 0 0.473884 0.363252 0
0.836956 -0.31736 0 -0.236942 -0.181626 0
-0.669153 0.63834 0 0.477422 0.361012 0
0.834577 -0.31917 0 -0.238711 -0.180506 0
-0.66436 0.641937 0 0.480961 0.358747 0
0.83218 -0.320969 0 -0.240481 -0.179374 0
-0.65953 0.645512 0 0.484503 0.356458 0
0.829765 -0.322756 0 -0.242251 -0.178229 0
-0.654666 0.649064 0 0.488046 0.354143 0
0.827333 -0.324532 0 -0.244023 -0.177072 0
-0.649766 0.652593 0 0.491591 0.351804 0
0.824883 -0.326296 0 -0.245796 -0.175902 0
-0.644831 0.656098 0 0.495138 0.349438 0
0.822415 -0.328049 0 -0.247569 -0.174719 0
-0.63986 0.659579 0 0.498686 0.347047 0
0.81993 -0.329789 0 -0.249343 -0.173524 0
-0.634853 0.663036 0 0.502236 0.34463 0
0.817427 -0.331518 0 -0.251118 -0.172315 0
-0.629811 0.666469 0 0.505787 0.342186 0
0.814906 -0.333235 0 -0.252894 -0.171093 0
-0.624734 0.669877 0 0.50934 0.339716 0
0.812367 -0.334939 0 -0.25467 -0.169858 0
-0.619621 0.673261 0 0.512894 0.33722 0
0.809811 -0.33663 0 -0.256447 -0.16861 0
-0.614473 0.676619 0 0.51645 0.334696 0
0.807236 -0.33831 0 -0.258225 -0.167348 0
-0.609288 0.679952 0 0.520007 0.332145 0
0.804644 -0.339976 0 -0.260004 -0.166072 0
-0.604069 0.683259 0 0.523565 0.329566 0
0.802034 -0.34163 0 -0.261783 -0.164783 0
-0.598814 0.686541 0 0.527125 0.326959 0
0.799407 -0.34327 0 -0.263562 -0.16348 0
-0.593523 0.689796 0 0.530686 0.324324 0
0.796761 -0.344898 0 -0.265343 -0.162162 0
-0.588196 0.693024 0 0.534247 0.321661 0
0.794098 -0.346512 0 -0.267124 -0.160831 0
-0.582834 0.696226 0 0.53781 0.318969 0
0.791417 -0.348113 0 -0.268905 -0.159485 0
-0.577437 0.699401 0 0.541374 0.316248 0
0.788718 -0.349701 0 -0.270687 -0.158124 0
-0.572003 0.702548 0 0.544938 0.313498 0
0.786002 -0.351274 0 -0.272469 -0.156749 0
-0.566534 0.705668 0 0.548504 0.310718 0
0.783267 -0.352834 0 -0.274252 -0.155359 0
-0.56103 0.70876 0 0.55207 0.307908 0
0.780515 -0.35438 0 -0.276035 -0.153954 0
-0.555489 0.711823 0 0.555637 0.305068 0
0.777745 -0.355912 0 -0.277818 -0.152534 0
-0.549913 0.714858 0 0.559204 0.302198 0
0.774957 -0.357429 0 -0.279602 -0.151099 0
-0.544302 0.717864 0 0.562772 0.299296 0
0.772151 -0.358932 0 -0.281386 -0.149648 0
-0.538654 0.720841 0 0.56634 0.296364 0
0.769327 -0.360421 0 -0.28317 -0.148182 0
-0.532971 0.723789 0 0.569908 0.2934 0
0.766486 -0.361894 0 -0.284954 -0.1467 0
-0.527253 0.726706 0 0.573477 0.290404 0
0.763626 -0.363353 0 -0.286739 -0.145202 0
-0.521498 0.729594 0 0.577046 0.287376 0
0.760749 -0.364797 0 -0.288523 -0.143688 0
-0.515708 0.73245 0 0.580614 0.284315 0
0.757854 -0.366225 0 -0.290307 -0.142158 0
-0.509882 0.735277 0 0.584183 0.281222 0
0.754941 -0.367638 0 -0.292091 -0.140611 0
-0.504021 0.738072 0 0.587751 0.278095 0
0.75201 -0.369036 0 -0.293876 -0.139048 0
-0.498124 0.740835 0 0.591319 0.274935 0
0.749062 -0.370418 0 -0.29566 -0.137468 0
-0.492191 0.743567 0 0.594886 0.271741 0
0.746095 -0.371784 0 -0.297443 -0.13587 0
-0.486222 0.746267 0 0.598453 0.268512 0
0.743111 -0.373133 0 -0.299227 -0.134256 0
-0.480218 0.748934 0 0.602019 0.265249 0
0.740109 -0.374467 0 -0.30101 -0.132625 0
-0.474178 0.751568 0 0.605584 0.261951 0
0.737089 -0.375784 0 -0.302792 -0.130976 0
-0.468103 0.75417 0 0.609148 0.258618 0
0.734052 -0.377085 0 -0.304574 -0.129309 0
-0.461992 0.756737 0 0.612711 0.255248 0
0.730996 -0.378369 0 -0.306356 -0.127624 0
-0.455845 0.759271 0 0.616273 0.251842 0
0.727923 -0.379636 0 -0.308136 -0.125921 0
-0.449663 0.761771 0 0.619833 0.2484 0
0.724831 -0.380885 0 -0.309916 -0.1242 0
-0.443445 0.764235 0 0.623391 0.244921 0
0.721723 -0.382118 0 -0.311696 -0.12246 0
-0.437192 0.766665 0 0.626948 0.241404 0
0.718596 -0.383333 0 -0.313474 -0.120702 0
-0.430903 0.76906 0 0.630502 0.237849 0
0.715451 -0.38453 0 -0.315251 -0.118924 0
-0.424578 0.771419 0 0.634055 0.234256 0
0.712289 -0.385709 0 -0.317027 -0.117128 0
-0.418218 0.773741 0 0.637605 0.230624 0
0.709109 -0.386871 0 -0.318802 -0.115312 0
-0.411822 0.776027 0 0.641152 0.226953 0
0.705911 -0.388014 0 -0.320576 -0.113476 0
-0.405391 0.778276 0 0.644697 0.223242 0
0.702696 -0.389138 0 -0.322348 -0.111621 0
-0.398925 0.780488 0 0.648239 0.219491 0
0.699462 -0.390244 0 -0.324119 -0.109745 0
-0.392423 0.782662 0 0.651777 0.215699 0
0.696211 -0.391331 0 -0.325889 -0.10785 0
-0.385886 0.784798 0 0.655312 0.211867 0
0.692943 -0.392399 0 -0.327656 -0.105933 0
-0.379313 0.786896 0 0.658844 0.207993 0
0.689657 -0.393448 0 -0.329422 -0.103996 0
-0.372705 0.788954 0 0.662372 0.204076 0
0.686353 -0.394477 0 -0.331186 -0.102038 0
-0.366062 0.790973 0 0.665895 0.200118 0
0.683031 -0.395487 0 -0.332948 -0.100059 0
-0.359384 0.792952 0 0.669414 0.196116 0
0.679692 -0.396476 0 -0.334707 -0.0980581 0
-0.35267 0.794891 0 0.672929 0.192071 0
0.676335 -0.397446 0 -0.336464 -0.0960355 0
-0.345922 0.79679 0 0.676438 0.187982 0
0.672961 -0.398395 0 -0.338219 -0.0939909 0
-0.339138 0.798647 0 0.679943 0.183848 0
0.669569 -0.399323 0 -0.339971 -0.091924 0
-0.33232 0.800462 0 0.683442 0.179669 0
0.66616 -0.400231 0 -0.341721 -0.0898345 0
-0.325466 0.802236 0 0.686935 0.175444 0
0.662733 -0.401118 0 -0.343468 -0.0877222 0
-0.318577 0.803967 0 0.690422 0.171174 0
0.659289 -0.401983 0 -0.345211 -0.0855869 0
-0.311654 0.805655 0 0.693903 0.166856 0
0.655827 -0.402827 0 -0.346952 -0.0834282 0
-0.304696 0.807299 0 0.697377 0.162492 0
0.652348 -0.40365 0 -0.348689 -0.0812458 0
-0.297703 0.8089 0 0.700844 0.158079 0
0.648852 -0.40445 0 -0.350422 -0.0790395 0
-0.290676 0.810456 0 0.704304 0.153618 0
0.645338 -0.405228 0 -0.352152 -0.076809 0
-0.283613 0.811968 0 0.707756 0.149108 0
0.641807 -0.405984 0 -0.353878 -0.0745539 0
-0.276517 0.813434 0 0.7112 0.144548 0
0.638258 -0.406717 0 -0.3556 -0.072274 0
-0.269386 0.814854 0 0.714635 0.139938 0
0.634693 -0.407427 0 -0.357318 -0.069969 0
-0.262221 0.816228 0 0.718062 0.135277 0
0.63111 -0.408114 0 -0.359031 -0.0676386 0
-0.255021 0.817555 0 0.721479 0.130565 0
0.627511 -0.408777 0 -0.360739 -0.0652825 0
-0.247788 0.818834 0 0.724886 0.125801 0
0.623894 -0.409417 0 -0.362443 -0.0629003 0
-0.24052 0.820066 0 0.728283 0.120983 0
0.62026 -0.410033 0 -0.364142 -0.0604917 0
-0.233219 0.821249 0 0.73167 0.116113 0
0.616609 -0.410624 0 -0.365835 -0.0580564 0
-0.225884 0.822383 0 0.735045 0.111188 0
0.612942 -0.411191 0 -0.367522 -0.0555941 0
-0.218515 0.823467 0 0.738409 0.106209 0
0.609257 -0.411734 0 -0.369204 -0.0531044 0
-0.211112 0.824502 0 0.741761 0.101174 0
0.605556 -0.412251 0 -0.37088 -0.050587 0
-0.203676 0.825486 0 0.7451 0.0960831 0
0.601838 -0.412743 0 -0.37255 -0.0480416 0
-0.196207 0.826418 0 0.748426 0.0909355 0
0.598103 -0.413209 0 -0.374213 -0.0454677 0
-0.188704 0.827299 0 0.751738 0.0857303 0
0.594352 -0.413649 0 -0.375869 -0.0428652 0
-0.181169 0.828127 0 0.755036 0.0804669 0
0.590584 -0.414064 0 -0.377518 -0.0402335 0
-0.1736 0.828903 0 0.75832 0.0751446 0
0.5868 -0.414451 0 -0.37916 -0.0375723 0
-0.165999 0.829625 0 0.761588 0.0697627 0
0.583 -0.414812 0 -0.380794 -0.0348813 0
-0.158365 0.830292 0 0.76484 0.0643203 0
0.579183 -0.415146 0 -0.38242 -0.0321601 0
-0.150699 0.830905 0 0.768075 0.0588167 0
0.57535 -0.415453 0 -0.384037 -0.0294084 0
-0.143001 0.831463 0 0.771293 0.0532513 0
0.5715 -0.415732 0 -0.385646 -0.0266256 0
-0.13527 0.831965 0 0.774492 0.0476231 0
0.567635 -0.415982 0 -0.387246 -0.0238115 0
-0.127508 0.83241 0 0.777674 0.0419314 0
0.563754 -0.416205 0 -0.388837 -0.0209657 0
-0.119714 0.832797 0 0.780835 0.0361755 0
0.559857 -0.416399 0 -0.390418 -0.0180877 0
-0.111888 0.833127 0 0.783977 0.0303545 0
0.555944 -0.416564 0 -0.391988 -0.0151772 0
-0.104031 0.833398 0 0.787097 0.0244676 0
0.552016 -0.416699 0 -0.393549 -0.0122338 0
-0.096143 0.83361 0 0.790196 0.018514 0
0.548072 -0.416805 0 -0.395098 -0.00925698 0
-0.0882241 0.833762 0 0.793272 0.0124928 0
0.544112 -0.416881 0 -0.396636 -0.0062464 0
-0.0802746 0.833854 0 0.796324 0.00640328 0
0.540137 -0.416927 0 -0.398162 -0.00320164 0
-0.0722947 0.833884 0 0.799353 0.000244532 0
0.536147 -0.416942 0 -0.399676 -0.000122266 0
-0.0642846 0.833852 0 0.802356 -0.0059843 0
0.532142 -0.416926 0 -0.401178 0.00299215 0
-0.0562447 0.833758 0 0.805332 -0.0122841 0
0.528122 -0.416879 0 -0.402666 0.00614204 0
-0.0481751 0.8336 0 0.808282 -0.0186557 0
0.524088 -0.4168 0 -0.404141 0.00932783 0
-0.0400762 0.833378 0 0.811203 -0.0251 0
0.520038 -0.416689 0 -0.405602 0.01255 0
-0.0319482 0.833091 0 0.814096 -0.0316179 0
0.515974 -0.416546 0 -0.407048 0.0158089 0
-0.0237915 0.832739 0 0.816958 -0.0382102 0
0.511896 -0.416369 0 -0.408479 0.0191051 0
-0.0156063 0.83232 0 0.819788 -0.044878 0
0.507803 -0.41616 0 -0.409894 0.022439 0
-0.00739305 0.831834 0 0.822586 -0.0516221 0
0.503697 -0.415917 0 -0.411293 0.0258111 0
0.000848051 0.831281 0 0.825351 -0.0584435 0
0.499576 -0.41564 0 -0.412675 0.0292217 0
0.0091166 0.830658 0 0.82808 -0.065343 0
0.495442 -0.415329 0 -0.41404 0.0326715 0
0.0174122 0.829967 0 0.830774 -0.0723215 0
0.491294 -0.414983 0 -0.415387 0.0361608 0
0.0257346 0.829205 0 0.83343 -0.0793802 0
0.487133 -0.414602 0 -0.416715 0.0396901 0
0.0340833 0.828372 0 0.836047 -0.0865198 0
0.482958 -0.414186 0 -0.418023 0.0432599 0
0.042458 0.827467 0 0.838624 -0.0937414 0
0.478771 -0.413733 0 -0.419312 0.0468707 0
0.0508582 0.826489 0 0.84116 -0.101046 0
0.474571 -0.413245 0 -0.42058 0.0505229 0
0.0592836 0.825438 0 0.843652 -0.108434 0
0.470358 -0.412719 0 -0.421826 0.0542171 0
0.0677336 0.824313 0 0.8461 -0.115907 0
0.466133 -0.412156 0 -0.42305 0.0579536 0
0.0762079 0.823112 0 0.848502 -0.123466 0
0.461896 -0.411556 0 -0.424251 0.0617331 0
0.0847059 0.821836 0 0.850857 -0.131112 0
0.457647 -0.410918 0 -0.425428 0.0655559 0
0.0932272 0.820482 0 0.853162 -0.138845 0
0.453386 -0.410241 0 -0.426581 0.0694226 0
0.101771 0.819051 0 0.855416 -0.146667 0
0.449114 -0.409525 0 -0.427708 0.0733336 0
0.110338 0.817541 0 0.857617 -0.154579 0
0.444831 -0.40877 0 -0.428809 0.0772894 0
0.118926 0.815951 0 0.859764 -0.162581 0
0.440537 -0.407975 0 -0.429882 0.0812906 0
0.127535 0.814281 0 0.861854 -0.170675 0
0.436233 -0.40714 0 -0.430927 0.0853375 0
0.136165 0.812529 0 0.863886 -0.178861 0
0.431918 -0.406265 0 -0.431943 0.0894307 0
0.144814 0.810695 0 0.865858 -0.187141 0
0.427593 -0.405347 0 -0.432929 0.0935707 0
0.153483 0.808778 0 0.867767 -0.195516 0
0.423258 -0.404389 0 -0.433883 0.0977579 0
0.162171 0.806776 0 0.869611 -0.203985 0
0.418914 -0.403388 0 -0.434806 0.101993 0
0.170877 0.804689 0 0.871389 -0.212551 0
0.414561 -0.402344 0 -0.435694 0.106276 0
0.179601 0.802516 0 0.873097 -0.221215 0
0.4102 -0.401258 0 -0.436549 0.110607 0
0.188341 0.800256 0 0.874735 -0.229976 0
0.40583 -0.400128 0 -0.437367 0.114988 0
0.197097 0.797907 0 0.876299 -0.238837 0
0.401452 -0.398954 0 -0.438149 0.119418 0
0.205868 0.79547 0 0.877786 -0.247797 0
0.397066 -0.397735 0 -0.438893 0.123898 0
0.214654 0.792942 0 0.879195 -0.256858 0
0.392673 -0.396471 0 -0.439597 0.128429 0
0.223453 0.790323 0 0.880522 -0.26602 0
0.388274 -0.395162 0 -0.440261 0.13301 0
0.232265 0.787612 0 0.881766 -0.275285 0
0.383868 -0.393806 0 -0.440883 0.137643 0
0.241089 0.784808 0 0.882922 -0.284654 0
0.379455 -0.392404 0 -0.441461 0.142327 0
0.249924 0.781909 0 0.883989 -0.294126 0
0.375038 -0.390955 0 -0.441995 0.147063 0
0.25877 0.778915 0 0.884964 -0.303703 0
0.370615 -0.389458 0 -0.442482 0.151851 0
0.267624 0.775825 0 0.885843 -0.313385 0
0.366188 -0.387913 0 -0.442921 0.156692 0
0.276487 0.772638 0 0.886623 -0.323173 0
0.361757 -0.386319 0 -0.443311 0.161586 0
0.285357 0.769351 0 0.887301 -0.333067 0
0.357322 -0.384676 0 -0.44365 0.166534 0
0.294233 0.765966 0 0.887873 -0.343069 0
0.352883 -0.382983 0 -0.443937 0.171535 0
0.303115 0.76248 0 0.888338 -0.353179 0
0.348443 -0.38124 0 -0.444169 0.176589 0
0.312 0.758892 0 0.888689 -0.363397 0
0.344 -0.379446 0 -0.444345 0.181698 0
0.320888 0.755201 0 0.888926 -0.373723 0
0.339556 -0.377601 0 -0.444463 0.186861 0
0.329778 0.751407 0 0.889042 -0.384158 0
0.335111 -0.375703 0 -0.444521 0.192079 0
0.338669 0.747507 0 0.889036 -0.394702 0
0.330666 -0.373754 0 -0.444518 0.197351 0
0.347558 0.743502 0 0.888903 -0.405356 0
0.326221 -0.371751 0 -0.444451 0.202678 0
0.356446 0.739389 0 0.888638 -0.41612 0
0.321777 -0.369694 0 -0.444319 0.20806 0
0.36533 0.735168 0 0.888238 -0.426993 0
0.317335 -0.367584 0 -0.444119 0.213496 0
0.37421 0.730838 0 0.887699 -0.437975 0
0.312895 -0.365419 0 -0.443849 0.218988 0
0.383083 0.726397 0 0.887016 -0.449067 0
0.308458 -0.363199 0 -0.443508 0.224534 0
0.391949 0.721845 0 0.886184 -0.460268 0
0.304025 -0.360922 0 -0.443092 0.230134 0
0.400806 0.71718 0 0.885201 -0.471579 0
0.299597 -0.35859 0 -0.4426 0.235789 0
0.409651 0.712402 0 0.884059 -0.482997 0
0.295174 -0.356201 0 -0.44203 0.241499 0
0.418485 0.707508 0 0.882756 -0.494524 0
0.290757 -0.353754 0 -0.441378 0.247262 0
0.427305 0.702499 0 0.881286 -0.506158 0
0.286348 -0.35125 0 -0.440643 0.253079 0
0.436109 0.697373 0 0.879643 -0.517898 0
0.281946 -0.348687 0 -0.439822 0.258949 0
0.444895 0.692129 0 0.877824 -0.529744 0
0.277552 -0.346065 0 -0.438912 0.264872 0
0.453663 0.686766 0 0.875822 -0.541694 0
0.273169 -0.343383 0 -0.437911 0.270847 0
0.462409 0.681283 0 0.873633 -0.553748 0
0.268796 -0.340641 0 -0.436817 0.276874 0
0.471132 0.675679 0 0.871251 -0.565903 0
0.264434 -0.337839 0 -0.435626 0.282951 0
0.479831 0.669952 0 0.868671 -0.578158 0
0.260085 -0.334976 0 -0.434335 0.289079 0
0.488502 0.664103 0 0.865886 -0.590511 0
0.255749 -0.332051 0 -0.432943 0.295256 0
0.497145 0.658129 0 0.862892 -0.602961 0
0.251428 -0.329065 0 -0.431446 0.30148 0
0.505756 0.652031 0 0.859683 -0.615505 0
0.247122 -0.326015 0 -0.429841 0.307752 0
0.514335 0.645806 0 0.856251 -0.62814 0
0.242833 -0.322903 0 -0.428126 0.31407 0
0.522877 0.639455 0 0.852593 -0.640865 0
0.238561 -0.319727 0 -0.426296 0.320432 0
0.531382 0.632976 0 0.848701 -0.653676 0
0.234309 -0.316488 0 -0.42435 0.326838 0
0.539846 0.626368 0 0.844569 -0.666569 0
0.230077 -0.313184 0 -0.422285 0.333285 0
0.548268 0.619631 0 0.840192 -0.679543 0
0.225866 -0.309816 0 -0.420096 0.339771 0
0.556645 0.612764 0 0.835563 -0.692592 0
0.221678 -0.306382 0 -0.417781 0.346296 0
0.564974 0.605766 0 0.830675 -0.705714 0
0.217513 -0.302883 0 -0.415337 0.352857 0
0.573252 0.598637 0 0.825523 -0.718903 0
0.213374 -0.299318 0 -0.412761 0.359452 0
0.581478 0.591375 0 0.8201 -0.732156 0
0.209261 -0.295687 0 -0.41005 0.366078 0
0.589648 0.58398 0 0.814399 -0.745467 0
0.205176 -0.29199 0 -0.407199 0.372733 0
0.597759 0.576452 0 0.808415 -0.758831 0
0.20112 -0.288226 0 -0.404207 0.379416 0
0.605809 0.56879 0 0.80214 -0.772243 0
0.197095 -0.284395 0 -0.40107 0.386121 0
0.613795 0.560993 0 0.795569 -0.785697 0
0.193103 -0.280497 0 -0.397785 0.392848 0
0.621713 0.553062 0 0.788696 -0.799186 0
0.189144 -0.276531 0 -0.394348 0.399593 0
0.62956 0.544996 0 0.781513 -0.812704 0
0.18522 -0.272498 0 -0.390757 0.406352 0
0.637335 0.536795 0 0.774015 -0.826244 0
0.181333 -0.268397 0 -0.387008 0.413122 0
0.645032 0.528458 0 0.766197 -0.839799 0
0.177484 -0.264229 0 -0.383098 0.4199 0
0.652649 0.519985 0 0.75805 -0.85336 0
0.173675 -0.259993 0 -0.379025 0.42668 0
0.660184 0.511377 0 0.749571 -0.86692 0
0.169908 -0.255688 0 -0.374786 0.43346 0
0.667631 0.502633 0 0.740754 -0.88047 0
0.166184 -0.251317 0 -0.370377 0.440235 0
0.674989 0.493754 0 0.731592 -0.894001 0
0.162506 -0.246877 0 -0.365796 0.447001 0
0.682252 0.48474 0 0.722081 -0.907503 0
0.158874 -0.24237 0 -0.361041 0.453752 0
0.689419 0.475591 0 0.712216 -0.920967 0
0.15529 -0.237795 0 -0.356108 0.460484 0
0.696486 0.466307 0 0.701992 -0.934382 0
0.151757 -0.233154 0 -0.350996 0.467191 0
0.703447 0.45689 0 0.691404 -0.947738 0
0.148276 -0.228445 0 -0.345702 0.473869 0
0.710302 0.447339 0 0.680449 -0.961022 0
0.144849 -0.22367 0 -0.340225 0.480511 0
0.717044 0.437656 0 0.669123 -0.974225 0
0.141478 -0.218828 0 -0.334562 0.487113 0
0.723671 0.427842 0 0.657423 -0.987333 0
0.138164 -0.213921 0 -0.328711 0.493667 0
0.730179 0.417897 0 0.645345 -1.00034 0
0.13491 -0.208948 0 -0.322672 0.500168 0
0.736565 0.407823 0 0.632887 -1.01322 0
0.131718 -0.203911 0 -0.316444 0.506609 0
0.742823 0.39762 0 0.620048 -1.02597 0
0.128588 -0.19881 0 -0.310024 0.512984 0
0.748951 0.387291 0 0.606825 -1.03857 0
0.125524 -0.193646 0 -0.303413 0.519285 0
0.754945 0.376837 0 0.593219 -1.05101 0
0.122527 -0.188418 0 -0.29661 0.525507 0
0.760801 0.366259 0 0.579229 -1.06328 0
0.1196 -0.18313 0 -0.289615 0.531642 0
0.766514 0.35556 0 0.564855 -1.07536 0
0.116743 -0.17778 0 -0.282428 0.537682 0
0.772082 0.34474 0 0.550099 -1.08724 0
0.113959 -0.17237 0 -0.275049 0.54362 0
0.7775 0.333804 0 0.534962 -1.0989 0
0.11125 -0.166902 0 -0.267481 0.54945 0
0.782764 0.322752 0 0.519447 -1.11032 0
0.108618 -0.161376 0 -0.259723 0.555162 0
0.787872 0.311587 0 0.503557 -1.1215 0
0.106064 -0.155793 0 -0.251779 0.56075 0
0.792818 0.300312 0 0.487297 -1.13241 0
0.103591 -0.150156 0 -0.243648 0.566206 0
0.7976 0.288929 0 0.47067 -1.14304 0
0.1012 -0.144464 0 -0.235335 0.571521 0
0.802214 0.277441 0 0.453684 -1.15338 0
0.0988931 -0.138721 0 -0.226842 0.576689 0
0.806655 0.265852 0 0.436344 -1.1634 0
0.0966723 -0.132926 0 -0.218172 0.581701 0
0.810922 0.254164 0 0.418658 -1.1731 0
0.094539 -0.127082 0 -0.209329 0.586549 0
0.81501 0.242382 0 0.400635 -1.18245 0
0.0924952 -0.121191 0 -0.200317 0.591227 0
0.818915 0.230507 0 0.382283 -1.19145 0
0.0905423 -0.115254 0 -0.191141 0.595726 0
0.822636 0.218545 0 0.363613 -1.20008 0
0.0886821 -0.109273 0 -0.181806 0.600039 0
0.826168 0.206499 0 0.344635 -1.20832 0
0.0869161 -0.103249 0 -0.172318 0.604158 0
0.829508 0.194372 0 0.325363 -1.21615 0
0.0852458 -0.097186 0 -0.162681 0.608077 0
0.832655 0.182169 0 0.305807 -1.22358 0
0.0836727 -0.0910847 0 -0.152904 0.611788 0
0.835604 0.169895 0 0.285983 -1.23057 0
0.0821981 -0.0849474 0 -0.142992 0.615286 0
0.838353 0.157553 0 0.265904 -1.23712 0
0.0808233 -0.0787763 0 -0.132952 0.618562 0
0.840901 0.145147 0 0.245586 -1.24322 0
0.0795495 -0.0725737 0 -0.122793 0.621612 0
0.843244 0.132684 0 0.225044 -1.24886 0
0.078378 -0.0663419 0 -0.112522 0.62443 0
0.845381 0.120166 0 0.204296 -1.25402 0
0.0773097 -0.0600832 0 -0.102148 0.62701 0
0.847308 0.1076 0 0.183359 -1.25869 0
0.0763458 -0.0538001 0 -0.0916795 0.629347 0
0.849026 0.0949898 0 0.162251 -1.26287 0
0.075487 -0.0474949 0 -0.0811254 0.631437 0
0.850532 0.0823405 0 0.14099 -1.26655 0
0.0747341 -0.0411702 0 -0.0704951 0.633275 0
0.851824 0.0696571 0 0.119596 -1.26972 0
0.0740879 -0.0348286 0 -0.0597982 0.634858 0
0.852902 0.056945 0 0.098089 -1.27237 0
0.0735491 -0.0284725 0 -0.0490445 0.636183 0
0.853764 0.0442092 0 0.0764882 -1.27449 0
0.073118 -0.0221046 0 -0.0382441 0.637246 0
0.85441 0.031455 0 0.0548143 -1.27609 0
0.0727951 -0.0157275 0 -0.0274072 0.638047 0
0.854838 0.0186877 0 0.033088 -1.27717 0
0.0725808 -0.00934387 0 -0.016544 0.638583 0
0.85505 0.00591268 0 0.0113301 -1.27771 0
0.0724752 -0.00295634 0 -0.00566506 0.638853 0
0.855043 -0.00686485 0 -0.0104384 -1.27771 0
0.0724784 0.00343243 0 0.0052192 0.638856 0
0.854819 -0.0196395 0 -0.0321965 -1.27719 0
0.0725904 0.00981976 0 0.0160983 0.638593 0
0.854378 -0.032406 0 -0.0539234 -1.27613 0
0.0728112 0.016203 0 0.0269617 0.638064 0
0.853719 -0.045159 0 -0.075598 -1.27454 0
0.0731404 0.0225795 0 0.037799 0.63727 0
0.852844 -0.0578932 0 -0.0971998 -1.27243 0
0.0735778 0.0289466 0 0.0485999 0.636213 0
0.851754 -0.0706034 0 -0.118708 -1.26979 0
0.074123 0.0353017 0 0.0593542 0.634895 0
0.850449 -0.0832844 0 -0.140104 -1.26664 0
0.0747755 0.0416422 0 0.0700519 0.633319 0
0.848931 -0.095931 0 -0.161366 -1.26297 0
0.0755345 0.0479655 0 0.0806831 0.631487 0
0.847201 -0.108538 0 -0.182476 -1.25881 0
0.0763995 0.0542691 0 0.0912382 0.629404 0
0.845261 -0.121101 0 -0.203416 -1.25415 0
0.0773695 0.0605506 0 0.101708 0.627074 0
0.843113 -0.133615 0 -0.224166 -1.249 0
0.0784437 0.0668073 0 0.112083 0.6245 0
0.840758 -0.146074 0 -0.244711 -1.24338 0
0.0796211 0.0730371 0 0.122355 0.621689 0
0.838199 -0.158475 0 -0.265032 -1.23729 0
0.0809007 0.0792374 0 0.132516 0.618646 0
0.835438 -0.170812 0 -0.285114 -1.23075 0
0.0822812 0.0854061 0 0.142557 0.615376 0
0.832477 -0.183082 0 -0.304942 -1.22377 0
0.0837614 0.0915408 0 0.152471 0.611885 0
0.82932 -0.195279 0 -0.324501 -1.21636 0
0.08534 0.0976395 0 0.16225 0.60818 0
0.825969 -0.2074 0 -0.343778 -1.20854 0
0.0870156 0.1037 0 0.171889 0.604268 0
0.822426 -0.21944 0 -0.362759 -1.20031 0
0.0887868 0.10972 0 0.18138 0.600154 0
0.818696 -0.231396 0 -0.381434 -1.1917 0
0.0906521 0.115698 0 0.190717 0.595848 0
0.81478 -0.243264 0 -0.39979 -1.18271 0
0.0926099 0.121632 0 0.199895 0.591355 0
0.810683 -0.25504 0 -0.417818 -1.17337 0
0.0946585 0.12752 0 0.208909 0.586683 0
0.806407 -0.266721 0 -0.435509 -1.16368 0
0.0967964 0.13336 0 0.217755 0.581841 0
0.801956 -0.278303 0 -0.452854 -1.15367 0
0.0990218 0.139151 0 0.226427 0.576835 0
0.797334 -0.289783 0 -0.469846 -1.14335 0
0.101333 0.144891 0 0.234923 0.571673 0
0.792544 -0.301158 0 -0.486478 -1.13273 0
0.103728 0.150579 0 0.243239 0.566363 0
0.787589 -0.312426 0 -0.502744 -1.12183 0
0.106205 0.156213 0 0.251372 0.560913 0
0.782474 -0.323583 0 -0.51864 -1.11066 0
0.108763 0.161791 0 0.25932 0.555331 0
0.777202 -0.334627 0 -0.534161 -1.09925 0
0.111399 0.167313 0 0.267081 0.549624 0
0.771777 -0.345556 0 -0.549305 -1.0876 0
0.114112 0.172778 0 0.274652 0.5438 0
0.766202 -0.356366 0 -0.564067 -1.07573 0
0.116899 0.178183 0 0.282034 0.537867 0
0.760482 -0.367058 0 -0.578448 -1.06366 0
0.119759 0.183529 0 0.289224 0.531832 0
0.75462 -0.377627 0 -0.592445 -1.05141 0
0.12269 0.188813 0 0.296222 0.525703 0
0.748621 -0.388073 0 -0.606058 -1.03897 0
0.12569 0.194036 0 0.303029 0.519486 0
0.742487 -0.398393 0 -0.619287 -1.02638 0
0.128756 0.199197 0 0.309644 0.513189 0
0.736223 -0.408587 0 -0.632134 -1.01364 0
0.131888 0.204294 0 0.316067 0.506819 0
0.729833 -0.418653 0 -0.644599 -1.00077 0
0.135083 0.209326 0 0.3223 0.500383 0
0.72332 -0.428589 0 -0.656685 -0.987774 0
0.13834 0.214295 0 0.328342 0.493887 0
0.716689 -0.438395 0 -0.668393 -0.974674 0
0.141656 0.219197 0 0.334196 0.487337 0
0.709942 -0.448069 0 -0.679727 -0.961481 0
0.145029 0.224035 0 0.339863 0.48074 0
0.703084 -0.457611 0 -0.690689 -0.948205 0
0.148458 0.228806 0 0.345345 0.474102 0
0.696119 -0.46702 0 -0.701285 -0.934858 0
0.151941 0.23351 0 0.350642 0.467429 0
0.689049 -0.476295 0 -0.711517 -0.921451 0
0.155475 0.238147 0 0.355759 0.460725 0
0.68188 -0.485435 0 -0.72139 -0.907995 0
0.15906 0.242718 0 0.360695 0.453998 0
0.674613 -0.494441 0 -0.73091 -0.894501 0
0.162693 0.24722 0 0.365455 0.447251 0
0.667253 -0.503312 0 -0.74008 -0.880978 0
0.166373 0.251656 0 0.37004 0.440489 0
0.659804 -0.512047 0 -0.748906 -0.867436 0
0.170098 0.256023 0 0.374453 0.433718 0
0.652268 -0.520647 0 -0.757393 -0.853883 0
0.173866 0.260323 0 0.378696 0.426941 0
0.644649 -0.529111 0 -0.765548 -0.840329 0
0.177676 0.264555 0 0.382774 0.420164 0
0.63695 -0.53744 0 -0.773375 -0.826781 0
0.181525 0.26872 0 0.386687 0.41339 0
0.629174 -0.545633 0 -0.780881 -0.813247 0
0.185413 0.272817 0 0.390441 0.406624 0
0.621326 -0.553691 0 -0.788072 -0.799736 0
0.189337 0.276846 0 0.394036 0.399868 0
0.613407 -0.561614 0 -0.794955 -0.786253 0
0.193296 0.280807 0 0.397477 0.393126 0
0.605421 -0.569403 0 -0.801534 -0.772805 0
0.197289 0.284701 0 0.400767 0.386402 0
0.597371 -0.577057 0 -0.807817 -0.759399 0
0.201315 0.288529 0 0.403909 0.379699 0
0.58926 -0.584578 0 -0.81381 -0.74604 0
0.20537 0.292289 0 0.406905 0.37302 0
0.58109 -0.591965 0 -0.81952 -0.732735 0
0.209455 0.295982 0 0.40976 0.366367 0
0.572865 -0.599219 0 -0.824952 -0.719487 0
0.213568 0.29961 0 0.412476 0.359744 0
0.564586 -0.606342 0 -0.830113 -0.706303 0
0.217707 0.303171 0 0.415056 0.353152 0
0.556258 -0.613332 0 -0.835009 -0.693187 0
0.221871 0.306666 0 0.417505 0.346593 0
0.547882 -0.620192 0 -0.839647 -0.680142 0
0.226059 0.310096 0 0.419824 0.340071 0
0.539461 -0.626923 0 -0.844033 -0.667173 0
0.230269 0.313461 0 0.422017 0.333586 0
0.530998 -0.633523 0 -0.848174 -0.654284 0
0.234501 0.316762 0 0.424087 0.327142 0
0.522495 -0.639996 0 -0.852074 -0.641477 0
0.238753 0.319998 0 0.426037 0.320739 0
0.513954 -0.64634 0 -0.855742 -0.628756 0
0.243023 0.32317 0 0.427871 0.314378 0
0.505377 -0.652558 0 -0.859182 -0.616125 0
0.247311 0.326279 0 0.429591 0.308062 0
0.496767 -0.658651 0 -0.8624 -0.603585 0
0.251616 0.329325 0 0.4312 0.301792 0
0.488127 -0.664618 0 -0.865403 -0.591139 0
0.255937 0.332309 0 0.432701 0.295569 0
0.479457 -0.670461 0 -0.868196 -0.578788 0
0.260271 0.335231 0 0.434098 0.289394 0
0.470761 -0.676182 0 -0.870785 -0.566537 0
0.26462 0.338091 0 0.435393 0.283268 0
0.46204 -0.68178 0 -0.873176 -0.554385 0
0.26898 0.34089 0 0.436588 0.277192 0
0.453296 -0.687258 0 -0.875373 -0.542334 0
0.273352 0.343629 0 0.437687 0.271167 0
0.444531 -0.692615 0 -0.877383 -0.530387 0
0.277735 0.346308 0 0.438692 0.265193 0
0.435747 -0.697854 0 -0.879211 -0.518544 0
0.282127 0.348927 0 0.439606 0.259272 0
0.426945 -0.702975 0 -0.880862 -0.506806 0
0.286527 0.351487 0 0.440431 0.253403 0
0.418128 -0.707979 0 -0.882341 -0.495174 0
0.290936 0.353989 0 0.44117 0.247587 0
0.409298 -0.712867 0 -0.883652 -0.48365 0
0.295351 0.356433 0 0.441826 0.241825 0
0.400455 -0.71764 0 -0.884802 -0.472233 0
0.299773 0.35882 0 0.442401 0.236117 0
0.391601 -0.722301 0 -0.885794 -0.460925 0
0.304199 0.36115 0 0.442897 0.230462 0
0.382738 -0.726848 0 -0.886634 -0.449725 0
0.308631 0.363424 0 0.443317 0.224863 0
0.373868 -0.731284 0 -0.887325 -0.438635 0
0.313066 0.365642 0 0.443662 0.219317 0
0.364992 -0.73561 0 -0.887872 -0.427654 0
0.317504 0.367805 0 0.443936 0.213827 0
0.356111 -0.739827 0 -0.88828 -0.416782 0
0.321945 0.369913 0 0.44414 0.208391 0
0.347226 -0.743935 0 -0.888553 -0.40602 0
0.326387 0.371968 0 0.444276 0.20301 0
0.33834 -0.747937 0 -0.888694 -0.395368 0
0.33083 0.373968 0 0.444347 0.197684 0
0.329453 -0.751832 0 -0.888709 -0.384824 0
0.335274 0.375916 0 0.444354 0.192412 0
0.320566 -0.755623 0 -0.8886 -0.37439 0
0.339717 0.377812 0 0.4443 0.187195 0
0.311681 -0.75931 0 -0.888371 -0.364065 0
0.344159 0.379655 0 0.444186 0.182032 0
0.302799 -0.762895 0 -0.888027 -0.353848 0
0.3486 0.381447 0 0.444014 0.176924 0
0.293922 -0.766377 0 -0.887571 -0.343739 0
0.353039 0.383189 0 0.443785 0.17187 0
0.285049 -0.76976 0 -0.887005 -0.333738 0
0.357476 0.38488 0 0.443503 0.166869 0
0.276182 -0.773043 0 -0.886335 -0.323844 0
0.361909 0.386521 0 0.443167 0.161922 0
0.267323 -0.776227 0 -0.885562 -0.314056 0
0.366338 0.388114 0 0.442781 0.157028 0
0.258472 -0.779314 0 -0.884691 -0.304374 0
0.370764 0.389657 0 0.442346 0.152187 0
0.249631 -0.782305 0 -0.883724 -0.294798 0
0.375185 0.391153 0 0.441862 0.147399 0
0.240799 -0.785201 0 -0.882664 -0.285326 0
0.3796 0.392601 0 0.441332 0.142663 0
0.231979 -0.788003 0 -0.881515 -0.275957 0
0.384011 0.394001 0 0.440757 0.137979 0
0.22317 -0.790711 0 -0.880279 -0.266692 0
0.388415 0.395356 0 0.440139 0.133346 0
0.214375 -0.793328 0 -0.878958 -0.25753 0
0.392813 0.396664 0 0.439479 0.128765 0
0.205593 -0.795853 0 -0.877557 -0.248468 0
0.397204 0.397927 0 0.438778 0.124234 0
0.196825 -0.798288 0 -0.876076 -0.239508 0
0.401587 0.399144 0 0.438038 0.119754 0
0.188073 -0.800635 0 -0.874519 -0.230647 0
0.405963 0.400317 0 0.43726 0.115323 0
0.179337 -0.802893 0 -0.872889 -0.221885 0
0.410332 0.401446 0 0.436444 0.110943 0
0.170617 -0.805064 0 -0.871187 -0.213221 0
0.414691 0.402532 0 0.435593 0.106611 0
0.161915 -0.807149 0 -0.869416 -0.204655 0
0.419042 0.403574 0 0.434708 0.102327 0
0.153231 -0.809149 0 -0.867578 -0.196184 0
0.423385 0.404574 0 0.433789 0.0980922 0
0.144566 -0.811065 0 -0.865676 -0.187809 0
0.427717 0.405532 0 0.432838 0.0939047 0
0.13592 -0.812897 0 -0.863711 -0.179529 0
0.43204 0.406449 0 0.431855 0.0897643 0
0.127294 -0.814647 0 -0.861686 -0.171341 0
0.436353 0.407324 0 0.430843 0.0856707 0
0.118688 -0.816316 0 -0.859602 -0.163247 0
0.440656 0.408158 0 0.429801 0.0816233 0
0.110104 -0.817904 0 -0.857462 -0.155243 0
0.444948 0.408952 0 0.428731 0.0776217 0
0.101541 -0.819413 0 -0.855267 -0.147331 0
0.449229 0.409707 0 0.427633 0.0736653 0
0.0930009 -0.820843 0 -0.853019 -0.139508 0
0.4535 0.410422 0 0.426509 0.0697538 0
0.0844833 -0.822196 0 -0.85072 -0.131773 0
0.457758 0.411098 0 0.42536 0.0658865 0
0.075989 -0.823471 0 -0.848372 -0.124126 0
0.462006 0.411736 0 0.424186 0.0620631 0
0.0675184 -0.824671 0 -0.845976 -0.116566 0
0.466241 0.412336 0 0.422988 0.058283 0
0.059072 -0.825796 0 -0.843534 -0.109092 0
0.470464 0.412898 0 0.421767 0.0545459 0
0.0506504 -0.826846 0 -0.841047 -0.101702 0
0.474675 0.413423 0 0.420523 0.050851 0
0.0422538 -0.827823 0 -0.838517 -0.0943963 0
0.478873 0.413911 0 0.419259 0.0471981 0
0.0338827 -0.828727 0 -0.835946 -0.0871733 0
0.483059 0.414363 0 0.417973 0.0435866 0
0.0255376 -0.829559 0 -0.833335 -0.0800322 0
0.487231 0.41478 0 0.416667 0.0400161 0
0.0172188 -0.830321 0 -0.830684 -0.0729721 0
0.491391 0.41516 0 0.415342 0.036486 0
0.00892668 -0.831012 0 -0.827997 -0.0659919 0
0.495537 0.415506 0 0.413998 0.032996 0
0.000661663 -0.831634 0 -0.825273 -0.0590909 0
0.499669 0.415817 0 0.412636 0.0295454 0
-0.00757592 -0.832187 0 -0.822514 -0.0522679 0
0.503788 0.416094 0 0.411257 0.026134 0
-0.0157857 -0.832673 0 -0.819721 -0.0455221 0
0.507893 0.416336 0 0.409861 0.0227611 0
-0.0239674 -0.833091 0 -0.816896 -0.0388527 0
0.511984 0.416546 0 0.408448 0.0194263 0
-0.0321207 -0.833443 0 -0.814039 -0.0322585 0
0.51606 0.416722 0 0.40702 0.0161293 0
-0.0402452 -0.83373 0 -0.811153 -0.0257389 0
0.520123 0.416865 0 0.405576 0.0128694 0
-0.0483408 -0.833952 0 -0.808236 -0.0192928 0
0.52417 0.416976 0 0.404118 0.00964639 0
-0.0564069 -0.83411 0 -0.805292 -0.0129193 0
0.528203 0.417055 0 0.402646 0.00645967 0
-0.0644435 -0.834204 0 -0.802321 -0.0066177 0
0.532222 0.417102 0 0.40116 0.00330885 0
-0.0724503 -0.834236 0 -0.799323 -0.000386968 0
0.536225 0.417118 0 0.399661 0.000193484 0
-0.0804269 -0.834206 0 -0.7963 0.00577371 0
0.540213 0.417103 0 0.39815 -0.00288686 0
-0.0883732 -0.834115 0 -0.793252 0.0118652 0
0.544187 0.417057 0 0.396626 -0.0059326 0
-0.0962888 -0.833963 0 -0.790181 0.0178883 0
0.548144 0.416981 0 0.39509 -0.00894417 0
-0.104174 -0.833751 0 -0.787087 0.023844 0
0.552087 0.416875 0 0.393544 -0.011922 0
-0.112027 -0.83348 0 -0.783972 0.0297329 0
0.556014 0.41674 0 0.391986 -0.0148665 0
-0.11985 -0.833151 0 -0.780835 0.035556 0
0.559925 0.416575 0 0.390418 -0.017778 0
-0.127641 -0.832763 0 -0.777678 0.041314 0
0.56382 0.416382 0 0.388839 -0.020657 0
-0.1354 -0.832319 0 -0.774502 0.0470078 0
0.5677 0.416159 0 0.387251 -0.0235039 0
-0.143128 -0.831818 0 -0.771307 0.0526382 0
0.571564 0.415909 0 0.385653 -0.0263191 0
-0.150823 -0.831261 0 -0.768093 0.0582058 0
0.575412 0.41563 0 0.384047 -0.0291029 0
-0.158486 -0.830648 0 -0.764863 0.0637115 0
0.579243 0.415324 0 0.382431 -0.0318558 0
-0.166117 -0.829981 0 -0.761616 0.0691561 0
0.583059 0.414991 0 0.380808 -0.0345781 0
-0.173715 -0.82926 0 -0.758352 0.0745403 0
0.586858 0.41463 0 0.379176 -0.0372702 0
-0.181281 -0.828485 0 -0.755073 0.0798649 0
0.59064 0.414243 0 0.377537 -0.0399324 0
-0.188813 -0.827658 0 -0.751779 0.0851305 0
0.594407 0.413829 0 0.37589 -0.0425653 0
-0.196313 -0.826778 0 -0.748471 0.090338 0
0.598156 0.413389 0 0.374236 -0.045169 0
-0.203779 -0.825846 0 -0.74515 0.095488 0
0.60189 0.412923 0 0.372575 -0.047744 0
-0.211213 -0.824863 0 -0.741815 0.100581 0
0.605606 0.412431 0 0.370907 -0.0502906 0
-0.218612 -0.823829 0 -0.738467 0.105618 0
0.609306 0.411915 0 0.369234 -0.0528091 0
-0.225979 -0.822746 0 -0.735108 0.1106 0
0.612989 0.411373 0 0.367554 -0.0553 0
-0.233311 -0.821613 0 -0.731736 0.115527 0
0.616656 0.410806 0 0.365868 -0.0577635 0
-0.24061 -0.820431 0 -0.728354 0.1204 0
0.620305 0.410215 0 0.364177 -0.0602 0
-0.247875 -0.8192 0 -0.724961 0.12522 0
0.623937 0.4096 0 0.362481 -0.0626098 0
-0.255106 -0.817921 0 -0.721558 0.129986 0
0.627553 0.408961 0 0.360779 -0.0649932 0
-0.262302 -0.816596 0 -0.718145 0.134701 0
0.631151 0.408298 0 0.359072 -0.0673506 0
-0.269465 -0.815223 0 -0.714722 0.139365 0
0.634733 0.407611 0 0.357361 -0.0696823 0
-0.276593 -0.813804 0 -0.711291 0.143977 0
0.638297 0.406902 0 0.355645 -0.0719885 0
-0.283687 -0.812339 0 -0.707851 0.148539 0
0.641844 0.406169 0 0.353925 -0.0742696 0
-0.290747 -0.810829 0 -0.704403 0.153052 0
0.645374 0.405414 0 0.352201 -0.0765259 0
-0.297772 -0.809274 0 -0.700947 0.157515 0
0.648886 0.404637 0 0.350473 -0.0787577 0
-0.304762 -0.807674 0 -0.697484 0.161931 0
0.652381 0.403837 0 0.348742 -0.0809653 0
-0.311718 -0.806031 0 -0.694013 0.166298 0
0.655859 0.403015 0 0.347007 -0.0831489 0
-0.318639 -0.804344 0 -0.690536 0.170618 0
0.65932 0.402172 0 0.345268 -0.0853089 0
-0.325525 -0.802614 0 -0.687052 0.174891 0
0.662763 0.401307 0 0.343526 -0.0874455 0
-0.332377 -0.800842 0 -0.683563 0.179118 0
0.666188 0.400421 0 0.341781 -0.0895591 0
-0.339193 -0.799028 0 -0.680067 0.1833 0
0.669597 0.399514 0 0.340034 -0.0916498 0
-0.345975 -0.797172 0 -0.676566 0.187436 0
0.672987 0.398586 0 0.338283 -0.093718 0
-0.352721 -0.795275 0 -0.67306 0.191528 0
0.67636 0.397638 0 0.33653 -0.0957639 0
-0.359432 -0.793338 0 -0.669549 0.195576 0
0.679716 0.396669 0 0.334775 -0.0977879 0
-0.366108 -0.79136 0 -0.666033 0.19958 0
0.683054 0.39568 0 0.333017 -0.09979 0
-0.372749 -0.789342 0 -0.662513 0.203541 0
0.686375 0.394671 0 0.331257 -0.101771 0
-0.379355 -0.787285 0 -0.658989 0.20746 0
0.689678 0.393643 0 0.329494 -0.10373 0
-0.385926 -0.785189 0 -0.655461 0.211337 0
0.692963 0.392595 0 0.32773 -0.105668 0
-0.392461 -0.783055 0 -0.651929 0.215172 0
0.69623 0.391527 0 0.325964 -0.107586 0
-0.398961 -0.780882 0 -0.648394 0.218966 0
0.69948 0.390441 0 0.324197 -0.109483 0
-0.405425 -0.778672 0 -0.644855 0.22272 0
0.702713 0.389336 0 0.322428 -0.11136 0
-0.411854 -0.776424 0 -0.641314 0.226433 0
0.705927 0.388212 0 0.320657 -0.113217 0
-0.418248 -0.77414 0 -0.637769 0.230107 0
0.709124 0.38707 0 0.318885 -0.115054 0
-0.424606 -0.771818 0 -0.634222 0.233742 0
0.712303 0.385909 0 0.317111 -0.116871 0
-0.430929 -0.769461 0 -0.630673 0.237338 0
0.715464 0.384731 0 0.315337 -0.118669 0
-0.437216 -0.767068 0 -0.627122 0.240895 0
0.718608 0.383534 0 0.313561 -0.120448 0
-0.443468 -0.76464 0 -0.623568 0.244415 0
0.721734 0.38232 0 0.311784 -0.122207 0
-0.449684 -0.762177 0 -0.620013 0.247897 0
0.724842 0.381088 0 0.310006 -0.123948 0
-0.455864 -0.759679 0 -0.616456 0.251342 0
0.727932 0.379839 0 0.308228 -0.125671 0
-0.462009 -0.757146 0 -0.612897 0.25475 0
0.731005 0.378573 0 0.306449 -0.127375 0
-0.468119 -0.75458 0 -0.609337 0.258123 0
0.734059 0.37729 0 0.304669 -0.129061 0
-0.474193 -0.751981 0 -0.605776 0.261459 0
0.737096 0.37599 0 0.302888 -0.13073 0
-0.480231 -0.749348 0 -0.602214 0.26476 0
0.740115 0.374674 0 0.301107 -0.13238 0
-0.486233 -0.746682 0 -0.59865 0.268026 0
0.743117 0.373341 0 0.299325 -0.134013 0
-0.4922 -0.743984 0 -0.595086 0.271257 0
0.7461 0.371992 0 0.297543 -0.135628 0
-0.498131 -0.741254 0 -0.591522 0.274454 0
0.749066 0.370627 0 0.295761 -0.137227 0
-0.504027 -0.738492 0 -0.587957 0.277617 0
0.752013 0.369246 0 0.293978 -0.138808 0
-0.509887 -0.735699 0 -0.584391 0.280746 0
0.754943 0.367849 0 0.292196 -0.140373 0
-0.515711 -0.732874 0 -0.580825 0.283842 0
0.757856 0.366437 0 0.290413 -0.141921 0
-0.5215 -0.730019 0 -0.577259 0.286906 0
0.76075 0.365009 0 0.28863 -0.143453 0
-0.527253 -0.727133 0 -0.573693 0.289936 0
0.763626 0.363567 0 0.286847 -0.144968 0
-0.53297 -0.724217 0 -0.570127 0.292935 0
0.766485 0.362109 0 0.285064 -0.146468 0
-0.538652 -0.721272 0 -0.566561 0.295902 0
0.769326 0.360636 0 0.283281 -0.147951 0
-0.544298 -0.718296 0 -0.562996 0.298837 0
0.772149 0.359148 0 0.281498 -0.149419 0
-0.549908 -0.715292 0 -0.55943 0.301741 0
0.774954 0.357646 0 0.279715 -0.150871 0
-0.555483 -0.712259 0 -0.555866 0.304615 0
0.777741 0.356129 0 0.277933 -0.152307 0
-0.561022 -0.709197 0 -0.552301 0.307457 0
0.780511 0.354599 0 0.276151 -0.153729 0
-0.566525 -0.706107 0 -0.548738 0.31027 0
0.783263 0.353053 0 0.274369 -0.155135 0
-0.571993 -0.702989 0 -0.545175 0.313053 0
0.785997 0.351494 0 0.272587 -0.156526 0
-0.577425 -0.699843 0 -0.541612 0.315806 0
0.788713 0.349922 0 0.270806 -0.157903 0
-0.582822 -0.69667 0 -0.538051 0.31853 0
0.791411 0.348335 0 0.269026 -0.159265 0
-0.588183 -0.69347 0 -0.534491 0.321224 0
0.794091 0.346735 0 0.267245 -0.160612 0
-0.593508 -0.690243 0 -0.530931 0.32389 0
0.796754 0.345122 0 0.265466 -0.161945 0
-0.598798 -0.68699 0 -0.527373 0.326528 0
0.799399 0.343495 0 0.263686 -0.163264 0
-0.604052 -0.68371 0 -0.523816 0.329137 0
0.802026 0.341855 0 0.261908 -0.164569 0
-0.609271 -0.680404 0 -0.52026 0.331719 0
0.804635 0.340202 0 0.26013 -0.16586 0
-0.614454 -0.677073 0 -0.516705 0.334273 0
0.807227 0.338537 0 0.258352 -0.167137 0
-0.619601 -0.673716 0 -0.513151 0.3368 0
0.809801 0.336858 0 0.256576 -0.1684 0
-0.624713 -0.670335 0 -0.509599 0.339299 0
0.812357 0.335167 0 0.2548 -0.16965 0
-0.62979 -0.666928 0 -0.506049 0.341772 0
0.814895 0.333464 0 0.253024 -0.170886 0
-0.634831 -0.663497 0 -0.502499 0.344219 0
0.817415 0.331748 0 0.25125 -0.172109 0
-0.639836 -0.660041 0 -0.498952 0.346639 0
0.819918 0.330021 0 0.249476 -0.173319 0
-0.644806 -0.656562 0 -0.495405 0.349032 0
0.822403 0.328281 0 0.247703 -0.174516 0
-0.649741 -0.653058 0 -0.491861 0.351401 0
0.82487 0.326529 0 0.24593 -0.1757 0
-0.65464 -0.649532 0 -0.488318 0.353743 0
0.82732 0.324766 0 0.244159 -0.176872 0
-0.659503 -0.645981 0 -0.484777 0.356061 0
0.829752 0.322991 0 0.242388 -0.17803 0
-0.664332 -0.642408 0 -0.481237 0.358353 0
0.832166 0.321204 0 0.240619 -0.179176 0
-0.669125 -0.638812 0 -0.477699 0.36062 0
0.834562 0.319406 0 0.23885 -0.18031 0
-0.673882 -0.635194 0 -0.474163 0.362863 0
0.836941 0.317597 0 0.237082 -0.181431 0
-0.678604 -0.631553 0 -0.470629 0.365081 0
0.839302 0.315776 0 0.235315 -0.182541 0
-0.683291 -0.62789 0 -0.467097 0.367275 0
0.841646 0.313945 0 0.233549 -0.183638 0
-0.687943 -0.624205 0 -0.463567 0.369446 0
0.843971 0.312103 0 0.231783 -0.184723 0
-0.692559 -0.620499 0 -0.460038 0.371592 0
0.84628 0.310249 0 0.230019 -0.185796 0
-0.69714 -0.616771 0 -0.456512 0.373715 0
0.84857 0.308386 0 0.228256 -0.186858 0
-0.701686 -0.613022 0 -0.452987 0.375815 0
0.850843 0.306511 0 0.226493 -0.187907 0
-0.706196 -0.609253 0 -0.449464 0.377891 0
0.853098 0.304626 0 0.224732 -0.188946 0
-0.710672 -0.605463 0 -0.445944 0.379945 0
0.855336 0.302731 0 0.222972 -0.189972 0
-0.715112 -0.601652 0 -0.442425 0.381976 0
0.857556 0.300826 0 0.221213 -0.190988 0
-0.719516 -0.597821 0 -0.438909 0.383984 0
0.859758 0.298911 0 0.219454 -0.191992 0
-0.723886 -0.59397 0 -0.435394 0.38597 0
0.861943 0.296985 0 0.217697 -0.192985 0
-0.728221 -0.5901 0 -0.431882 0.387934 0
0.86411 0.29505 0 0.215941 -0.193967 0
-0.73252 -0.58621 0 -0.428372 0.389876 0
0.86626 0.293105 0 0.214186 -0.194938 0
-0.736785 -0.5823 0 -0.424863 0.391796 0
0.868392 0.29115 0 0.212432 -0.195898 0
-0.741014 -0.578372 0 -0.421357 0.393695 0
0.870507 0.289186 0 0.210679 -0.196848 0
-0.745208 -0.574425 0 -0.417853 0.395572 0
0.872604 0.287212 0 0.208927 -0.197786 0
-0.749368 -0.570459 0 -0.414352 0.397428 0
0.874684 0.285229 0 0.207176 -0.198714 0
-0.753492 -0.566474 0 -0.410852 0.399263 0
0.876746 0.283237 0 0.205426 -0.199632 0
-0.757581 -0.562472 0 -0.407355 0.401077 0
0.878791 0.281236 0 0.203677 -0.200539 0
-0.761636 -0.558451 0 -0.403859 0.402871 0
0.880818 0.279226 0 0.20193 -0.201435 0
-0.765655 -0.554413 0 -0.400366 0.404644 0
0.882827 0.277206 0 0.200183 -0.202322 0
-0.769639 -0.550357 0 -0.396875 0.406396 0
0.88482 0.275178 0 0.198438 -0.203198 0
-0.773589 -0.546283 0 -0.393386 0.408128 0
0.886794 0.273142 0 0.196693 -0.204064 0
-0.777504 -0.542192 0 -0.3899 0.40984 0
0.888752 0.271096 0 0.19495 -0.20492 0
-0.781384 -0.538085 0 -0.386415 0.411533 0
0.890692 0.269042 0 0.193208 -0.205766 0
-0.785229 -0.53396 0 -0.382933 0.413205 0
0.892614 0.26698 0 0.191467 -0.206603 0
-0.789039 -0.529819 0 -0.379453 0.414858 0
0.894519 0.264909 0 0.189727 -0.207429 0
-0.792814 -0.525661 0 -0.375975 0.416492 0
0.896407 0.262831 0 0.187988 -0.208246 0
-0.796555 -0.521488 0 -0.3725 0.418106 0
0.898277 0.260744 0 0.18625 -0.209053 0
-0.800261 -0.517298 0 -0.369026 0.419701 0
0.90013 0.258649 0 0.184513 -0.20985 0
-0.803932 -0.513092 0 -0.365555 0.421277 0
0.901966 0.256546 0 0.182777 -0.210638 0
-0.807568 -0.508871 0 -0.362086 0.422834 0
0.903784 0.254435 0 0.181043 -0.211417 0
-0.81117 -0.504634 0 -0.358619 0.424372 0
0.905585 0.252317 0 0.179309 -0.212186 0
-0.814737 -0.500382 0 -0.355154 0.425892 0
0.907369 0.250191 0 0.177577 -0.212946 0
-0.81827 -0.496115 0 -0.351692 0.427393 0
0.909135 0.248057 0 0.175846 -0.213697 0
-0.821768 -0.491832 0 -0.348231 0.428876 0
0.910884 0.245916 0 0.174116 -0.214438 0
-0.825231 -0.487536 0 -0.344773 0.430341 0
0.912615 0.243768 0 0.172387 -0.21517 0
-0.82866 -0.483224 0 -0.341317 0.431788 0
0.91433 0.241612 0 0.170658 -0.215894 0
-0.832054 -0.478898 0 -0.337863 0.433216 0
0.916027 0.239449 0 0.168932 -0.216608 0
-0.835413 -0.474559 0 -0.334411 0.434627 0
0.917707 0.237279 0 0.167206 -0.217314 0
-0.838739 -0.470205 0 -0.330962 0.43602 0
0.919369 0.235102 0 0.165481 -0.21801 0
-0.842029 -0.465837 0 -0.327514 0.437396 0
0.921015 0.232918 0 0.163757 -0.218698 0
-0.845285 -0.461455 0 -0.324069 0.438754 0
0.922643 0.230728 0 0.162034 -0.219377 0
-0.848507 -0.45706 0 -0.320625 0.440095 0
0.924254 0.22853 0 0.160313 -0.220047 0
-0.851694 -0.452652 0 -0.317184 0.441418 0
0.925847 0.226326 0 0.158592 -0.220709 0
-0.854847 -0.448231 0 -0.313745 0.442724 0
0.927424 0.224115 0 0.156872 -0.221362 0
-0.857966 -0.443796 0 -0.310308 0.444014 0
0.928983 0.221898 0 0.155154 -0.222007 0
-0.86105 -0.439349 0 -0.306872 0.445286 0
0.930525 0.219675 0 0.153436 -0.222643 0
-0.8641 -0.43489 0 -0.303439 0.446542 0
0.93205 0.217445 0 0.15172 -0.223271 0
-0.867115 -0.430417 0 -0.300008 0.447781 0
0.933558 0.215209 0 0.150004 -0.22389 0
-0.870097 -0.425933 0 -0.296579 0.449003 0
0.935048 0.212966 0 0.14829 -0.224502 0
-0.873044 -0.421436 0 -0.293152 0.450209 0
0.936522 0.210718 0 0.146576 -0.225104 0
-0.875956 -0.416927 0 -0.289727 0.451398 0
0.937978 0.208464 0 0.144864 -0.225699 0
-0.878835 -0.412407 0 -0.286304 0.452572 0
0.939417 0.206203 0 0.143152 -0.226286 0
-0.881679 -0.407875 0 -0.282883 0.453729 0
0.940839 0.203937 0 0.141442 -0.226864 0
-0.884489 -0.403331 0 -0.279464 0.454869 0
0.942244 0.201666 0 0.139732 -0.227435 0
-0.887265 -0.398776 0 -0.276047 0.455994 0
0.943632 0.199388 0 0.138023 -0.227997 0
-0.890007 -0.39421 0 -0.272631 0.457103 0
0.945003 0.197105 0 0.136316 -0.228552 0
-0.892714 -0.389633 0 -0.269218 0.458196 0
0.946357 0.194817 0 0.134609 -0.229098 0
-0.895387 -0.385045 0 -0.265806 0.459274 0
0.947694 0.192523 0 0.132903 -0.229637 0
-0.898027 -0.380447 0 -0.262396 0.460335 0
0.949013 0.190223 0 0.131198 -0.230168 0
-0.900632 -0.375838 0 -0.258989 0.461382 0
0.950316 0.187919 0 0.129494 -0.230691 0
-0.903203 -0.371218 0 -0.255583 0.462412 0
0.951602 0.185609 0 0.127791 -0.231206 0
-0.90574 -0.366588 0 -0.252178 0.463428 0
0.95287 0.183294 0 0.126089 -0.231714 0
-0.908243 -0.361949 0 -0.248776 0.464428 0
0.954122 0.180974 0 0.124388 -0.232214 0
-0.910712 -0.357299 0 -0.245375 0.465413 0
0.955356 0.178649 0 0.122688 -0.232706 0
-0.913147 -0.35264 0 -0.241976 0.466382 0
0.956574 0.17632 0 0.120988 -0.233191 0
-0.915548 -0.34797 0 -0.238579 0.467337 0
0.957774 0.173985 0 0.119289 -0.233668 0
-0.917916 -0.343292 0 -0.235183 0.468276 0
0.958958 0.171646 0 0.117592 -0.234138 0
-0.920249 -0.338604 0 -0.231789 0.469201 0
0.960124 0.169302 0 0.115895 -0.2346 0
-0.922548 -0.333907 0 -0.228397 0.470111 0
0.961274 0.166953 0 0.114199 -0.235055 0
-0.924813 -0.329201 0 -0.225007 0.471006 0
0.962407 0.1646 0 0.112503 -0.235503 0
-0.927045 -0.324486 0 -0.221618 0.471886 0
0.963522 0.162243 0 0.110809 -0.235943 0
-0.929242 -0.319762 0 -0.21823 0.472752 0
0.964621 0.159881 0 0.109115 -0.236376 0
-0.931406 -0.31503 0 -0.214845 0.473603 0
0.965703 0.157515 0 0.107422 -0.236801 0
-0.933536 -0.31029 0 -0.211461 0.474439 0
0.966768 0.155145 0 0.10573 -0.23722 0
-0.935632 -0.305541 0 -0.208078 0.475262 0
0.967816 0.15277 0 0.104039 -0.237631 0
-0.937694 -0.300784 0 -0.204697 0.476069 0
0.968847 0.150392 0 0.102348 -0.238035 0
-0.939722 -0.296018 0 -0.201317 0.476863 0
0.969861 0.148009 0 0.100659 -0.238431 0
-0.941717 -0.291246 0 -0.197939 0.477642 0
0.970858 0.145623 0 0.0989696 -0.238821 0
-0.943678 -0.286465 0 -0.194563 0.478407 0
0.971839 0.143232 0 0.0972813 -0.239204 0
-0.945605 -0.281677 0 -0.191187 0.479158 0
0.972802 0.140838 0 0.0955937 -0.239579 0
-0.947498 -0.276881 0 -0.187814 0.479895 0
0.973749 0.138441 0 0.0939068 -0.239948 0
-0.949358 -0.272078 0 -0.184441 0.480618 0
0.974679 0.136039 0 0.0922206 -0.240309 0
-0.951184 -0.267268 0 -0.18107 0.481327 0
0.975592 0.133634 0 0.090535 -0.240663 0
-0.952976 -0.262451 0 -0.1777 0.482022 0
0.976488 0.131225 0 0.0888502 -0.241011 0
-0.954734 -0.257627 0 -0.174332 0.482703 0
0.977367 0.128813 0 0.087166 -0.241351 0
-0.956459 -0.252796 0 -0.170965 0.48337 0
0.97823 0.126398 0 0.0854825 -0.241685 0
-0.95815 -0.247959 0 -0.167599 0.484024 0
0.979075 0.123979 0 0.0837996 -0.242012 0
-0.959808 -0.243115 0 -0.164235 0.484664 0
0.979904 0.121558 0 0.0821173 -0.242332 0
-0.961432 -0.238265 0 -0.160871 0.48529 0
0.980716 0.119133 0 0.0804357 -0.242645 0
-0.963022 -0.233409 0 -0.157509 0.485903 0
0.981511 0.116704 0 0.0787546 -0.242951 0
-0.964578 -0.228546 0 -0.154148 0.486502 0
0.982289 0.114273 0 0.0770742 -0.243251 0
-0.966101 -0.223678 0 -0.150789 0.487088 0
0.983051 0.111839 0 0.0753943 -0.243544 0
-0.967591 -0.218804 0 -0.14743 0.48766 0
0.983795 0.109402 0 0.073715 -0.24383 0
-0.969047 -0.213924 0 -0.144073 0.488219 0
0.984523 0.106962 0 0.0720363 -0.244109 0
-0.970469 -0.209039 0 -0.140716 0.488764 0
0.985234 0.10452 0 0.0703581 -0.244382 0
-0.971858 -0.204149 0 -0.137361 0.489296 0
0.985929 0.102074 0 0.0686804 -0.244648 0
-0.973213 -0.199253 0 -0.134006 0.489815 0
0.986606 0.0996264 0 0.0670032 -0.244907 0
-0.974534 -0.194352 0 -0.130653 0.49032 0
0.987267 0.097176 0 0.0653266 -0.24516 0
-0.975822 -0.189446 0 -0.127301 0.490813 0
0.987911 0.094723 0 0.0636504 -0.245406 0
-0.977077 -0.184535 0 -0.12395 0.491292 0
0.988539 0.0922676 0 0.0619748 -0.245646 0
-0.978298 -0.17962 0 -0.120599 0.491758 0
0.989149 0.0898099 0 0.0602996 -0.245879 0
-0.979486 -0.1747 0 -0.11725 0.49221 0
0.989743 0.0873498 0 0.0586249 -0.246105 0
-0.98064 -0.169775 0 -0.113901 0.49265 0
0.99032 0.0848876 0 0.0569506 -0.246325 0
-0.98176 -0.164846 0 -0.110553 0.493077 0
0.99088 0.0824231 0 0.0552767 -0.246538 0
-0.982847 -0.159913 0 -0.107207 0.493491 0
0.991424 0.0799566 0 0.0536033 -0.246745 0
-0.983901 -0.154976 0 -0.103861 0.493891 0
0.991951 0.0774881 0 0.0519303 -0.246946 0
-0.984921 -0.150035 0 -0.100515 0.494279 0
0.992461 0.0750175 0 0.0502576 -0.24714 0
-0.985908 -0.14509 0 -0.0971708 0.494654 0
0.992954 0.0725451 0 0.0485854 -0.247327 0
-0.986861 -0.140142 0 -0.0938271 0.495016 0
0.993431 0.0700708 0 0.0469135 -0.247508 0
-0.987781 -0.13519 0 -0.090484 0.495365 0
0.993891 0.0675948 0 0.045242 -0.247683 0
-0.988668 -0.130234 0 -0.0871417 0.495701 0
0.994334 0.065117 0 0.0435709 -0.247851 0
-0.989521 -0.125275 0 -0.0838 0.496025 0
0.99476 0.0626376 0 0.0419 -0.248012 0
-0.99034 -0.120313 0 -0.080459 0.496336 0
0.99517 0.0601566 0 0.0402295 -0.248168 0
-0.991127 -0.115348 0 -0.0771186 0.496633 0
0.995563 0.0576741 0 0.0385593 -0.248317 0
-0.991879 -0.11038 0 -0.0737788 0.496919 0
0.99594 0.0551902 0 0.0368894 -0.248459 0
-0.992599 -0.10541 0 -0.0704396 0.497191 0
0.996299 0.0527048 0 0.0352198 -0.248596 0
-0.993285 -0.100436 0 -0.0671009 0.497451 0
0.996642 0.0502182 0 0.0335504 -0.248725 0
-0.993938 -0.0954604 0 -0.0637627 0.497698 0
0.996969 0.0477302 0 0.0318813 -0.248849 0
-0.994557 -0.0904822 0 -0.060425 0.497932 0
0.997278 0.0452411 0 0.0302125 -0.248966 0
-0.995143 -0.0855016 0 -0.0570877 0.498154 0
0.997571 0.0427508 0 0.0285439 -0.249077 0
-0.995695 -0.0805189 0 -0.0537509 0.498363 0
0.997848 0.0402595 0 0.0268755 -0.249182 0
-0.996214 -0.0755342 0 -0.0504145 0.49856 0
0.998107 0.0377671 0 0.0252073 -0.24928 0
-0.9967 -0.0705476 0 -0.0470785 0.498743 0
0.99835 0.0352738 0 0.0235393 -0.249372 0
-0.997153 -0.0655592 0 -0.0437429 0.498915 0
0.998576 0.0327796 0 0.0218714 -0.249457 0
-0.997572 -0.0605692 0 -0.0404076 0.499073 0
0.998786 0.0302846 0 0.0202038 -0.249537 0
-0.997957 -0.0555776 0 -0.0370726 0.499219 0
0.998979 0.0277888 0 0.0185363 -0.24961 0
-0.99831 -0.0505847 0 -0.0337378 0.499353 0
0.999155 0.0252923 0 0.0168689 -0.249677 0
-0.998629 -0.0455905 0 -0.0304034 0.499474 0
0.999314 0.0227952 0 0.0152017 -0.249737 0
-0.998915 -0.0405951 0 -0.0270691 0.499583 0
0.999457 0.0202976 0 0.0135346 -0.249791 0
-0.999167 -0.0355987 0 -0.0237351 0.499679 0
0.999583 0.0177994 0 0.0118675 -0.249839 0
-0.999386 -0.0306015 0 -0.0204012 0.499762 0
0.999693 0.0153007 0 0.0102006 -0.249881 0
-0.999572 -0.0256035 0 -0.0170675 0.499833 0
0.999786 0.0128017 0 0.00853377 -0.249916 0
-0.999724 -0.0206048 0 -0.013734 0.499891 0
0.999862 0.0103024 0 0.00686698 -0.249946 0
-0.999843 -0.0156056 0 -0.0104005 0.499937 0
0.999921 0.00780282 0 0.00520024 -0.249969 0
-0.999929 -0.0106061 0 -0.00706707 0.499971 0
0.999964 0.00530304 0 0.00353354 -0.249985 0
-0.999981 -0.00560624 0 -0.00373372 0.499991 0
0.99999 0.00280312 0 0.00186686 -0.249996 0
-1 -0.000606271 0 -0.000400386 0.5 0
1 0.000303136 0 0.000200193 -0.25 0
-0.999986 0.00439371 0 0.00293295 0.499996 0
0.999993 -0.00219686 0 -0.00146648 -0.249998 0
-0.999938 0.00939359 0 0.00626632 0.499979 0
0.999969 -0.0046968 0 -0.00313316 -0.24999 0
-0.999857 0.0143932 0 0.00959974 0.49995 0
0.999928 -0.00719662 0 -0.00479987 -0.249975 0
-0.999743 0.0193925 0 0.0129332 0.499908 0
0.999871 -0.00969626 0 -0.00646662 -0.249954 0
-0.999595 0.0243913 0 0.0162669 0.499854 0
0.999797 -0.0121957 0 -0.00813343 -0.249927 0
-0.999414 0.0293895 0 0.0196006 0.499788 0
0.999707 -0.0146947 0 -0.00980031 -0.249894 0
-0.9992 0.0343869 0 0.0229345 0.499708 0
0.9996 -0.0171935 0 -0.0114673 -0.249854 0
-0.998952 0.0393835 0 0.0262686 0.499617 0
0.999476 -0.0196918 0 -0.0131343 -0.249808 0
-0.998671 0.0443791 0 0.0296029 0.499513 0
0.999335 -0.0221896 0 -0.0148015 -0.249756 0
-0.998357 0.0493736 0 0.0329375 0.499396 0
0.999178 -0.0246868 0 -0.0164687 -0.249698 0
-0.998009 0.0543669 0 0.0362723 0.499267 0
0.999004 -0.0271834 0 -0.0181361 -0.249633 0
-0.997628 0.0593588 0 0.0396074 0.499125 0
0.998814 -0.0296794 0 -0.0198037 -0.249562 0
-0.997213 0.0643492 0 0.0429428 0.49897 0
0.998607 -0.0321746 0 -0.0214714 -0.249485 0
-0.996766 0.069338 0 0.0462785 0.498803 0
0.998383 -0.034669 0 -0.0231393 -0.249402 0
-0.996284 0.0743251 0 0.0496147 0.498624 0
0.998142 -0.0371625 0 -0.0248073 -0.249312 0
-0.99577 0.0793102 0 0.0529512 0.498432 0
0.997885 -0.0396551 0 -0.0264756 -0.249216 0
-0.995222 0.0842934 0 0.0562881 0.498227 0
0.997611 -0.0421467 0 -0.0281441 -0.249113 0
-0.994641 0.0892745 0 0.0596255 0.498009 0
0.99732 -0.0446373 0 -0.0298128 -0.249005 0
-0.994026 0.0942534 0 0.0629634 0.497779 0
0.997013 -0.0471267 0 -0.0314817 -0.24889 0
-0.993378 0.0992298 0 0.0663017 0.497537 0
0.996689 -0.0496149 0 -0.0331509 -0.248768 0
-0.992697 0.104204 0 0.0696406 0.497281 0
0.996348 -0.0521019 0 -0.0348203 -0.248641 0
-0.991982 0.109175 0 0.07298 0.497013 0
0.995991 -0.0545876 0 -0.03649 -0.248507 0
-0.991234 0.114144 0 0.07632 0.496732 0
0.995617 -0.0570719 0 -0.03816 -0.248366 0
-0.990452 0.119109 0 0.0796606 0.496439 0
0.995226 -0.0595547 0 -0.0398303 -0.248219 0
-0.989637 0.124072 0 0.0830018 0.496132 0
0.994819 -0.0620361 0 -0.0415009 -0.248066 0
-0.988789 0.129032 0 0.0863437 0.495813 0
0.994394 -0.0645159 0 -0.0431719 -0.247907 0
-0.987907 0.133988 0 0.0896862 0.495481 0
0.993954 -0.066994 0 -0.0448431 -0.247741 0
-0.986992 0.138941 0 0.0930295 0.495136 0
0.993496 -0.0694705 0 -0.0465147 -0.247568 0
-0.986043 0.14389 0 0.0963735 0.494779 0
0.993022 -0.0719452 0 -0.0481867 -0.247389 0
-0.985061 0.148836 0 0.0997182 0.494408 0
0.992531 -0.0744181 0 -0.0498591 -0.247204 0
-0.984045 0.153778 0 0.103064 0.494025 0
0.992023 -0.0768891 0 -0.0515318 -0.247012 0
-0.982996 0.158716 0 0.10641 0.493628 0
0.991498 -0.0793581 0 -0.053205 -0.246814 0
-0.981914 0.16365 0 0.109757 0.493219 0
0.990957 -0.0818251 0 -0.0548786 -0.246609 0
-0.980798 0.16858 0 0.113105 0.492797 0
0.990399 -0.0842901 0 -0.0565526 -0.246398 0
-0.979648 0.173506 0 0.116454 0.492361 0
0.989824 -0.0867529 0 -0.058227 -0.246181 0
-0.978466 0.178427 0 0.119804 0.491913 0
0.989233 -0.0892134 0 -0.0599019 -0.245956 0
-0.977249 0.183343 0 0.123154 0.491451 0
0.988625 -0.0916717 0 -0.0615772 -0.245726 0
-0.975999 0.188255 0 0.126506 0.490976 0
0.988 -0.0941277 0 -0.063253 -0.245488 0
-0.974716 0.193162 0 0.129859 0.490488 0
0.987358 -0.0965812 0 -0.0649293 -0.245244 0
-0.973399 0.198065 0 0.133212 0.489987 0
0.986699 -0.0990323 0 -0.0666062 -0.244994 0
-0.972048 0.202962 0 0.136567 0.489473 0
0.986024 -0.101481 0 -0.0682835 -0.244736 0
-0.970664 0.207854 0 0.139923 0.488945 0
0.985332 -0.103927 0 -0.0699613 -0.244473 0
-0.969246 0.21274 0 0.143279 0.488404 0
0.984623 -0.10637 0 -0.0716397 -0.244202 0
-0.967795 0.217621 0 0.146637 0.48785 0
0.983897 -0.108811 0 -0.0733186 -0.243925 0
-0.96631 0.222496 0 0.149996 0.487282 0
0.983155 -0.111248 0 -0.0749981 -0.243641 0
-0.964792 0.227366 0 0.153356 0.486701 0
0.982396 -0.113683 0 -0.0766782 -0.24335 0
-0.96324 0.23223 0 0.156718 0.486106 0
0.98162 -0.116115 0 -0.0783588 -0.243053 0
-0.961654 0.237088 0 0.16008 0.485498 0
0.980827 -0.118544 0 -0.0800401 -0.242749 0
-0.960035 0.241939 0 0.163444 0.484876 0
0.980017 -0.12097 0 -0.081722 -0.242438 0
-0.958382 0.246784 0 0.166809 0.484241 0
0.979191 -0.123392 0 -0.0834044 -0.24212 0
-0.956695 0.251623 0 0.170175 0.483591 0
0.978348 -0.125812 0 -0.0850875 -0.241796 0
-0.954975 0.256455 0 0.173543 0.482929 0
0.977487 -0.128228 0 -0.0867713 -0.241464 0
-0.953221 0.261281 0 0.176911 0.482252 0
0.97661 -0.130641 0 -0.0884557 -0.241126 0
-0.951433 0.2661 0 0.180282 0.481561 0
0.975717 -0.13305 0 -0.0901408 -0.240781 0
-0.949612 0.270912 0 0.183653 0.480857 0
0.974806 -0.135456 0 -0.0918265 -0.240428 0
-0.947757 0.275716 0 0.187026 0.480138 0
0.973878 -0.137858 0 -0.093513 -0.240069 0
-0.945868 0.280514 0 0.1904 0.479406 0
0.972934 -0.140257 0 -0.0952001 -0.239703 0
-0.943945 0.285304 0 0.193776 0.47866 0
0.971973 -0.142652 0 -0.096888 -0.23933 0
-0.941989 0.290086 0 0.197153 0.477899 0
0.970995 -0.145043 0 -0.0985765 -0.23895 0
-0.939999 0.294861 0 0.200532 0.477124 0
0.969999 -0.14743 0 -0.100266 -0.238562 0
-0.937975 0.299628 0 0.203912 0.476335 0
0.968988 -0.149814 0 -0.101956 -0.238168 0
-0.935917 0.304387 0 0.207293 0.475532 0
0.967959 -0.152193 0 -0.103647 -0.237766 0
-0.933826 0.309137 0 0.210677 0.474714 0
0.966913 -0.154569 0 -0.105338 -0.237357 0
-0.9317 0.31388 0 0.214061 0.473882 0
0.96585 -0.15694 0 -0.107031 -0.236941 0
-0.929541 0.318614 0 0.217448 0.473036 0
0.964771 -0.159307 0 -0.108724 -0.236518 0
-0.927348 0.32334 0 0.220835 0.472175 0
0.963674 -0.16167 0 -0.110418 -0.236087 0
-0.925121 0.328057 0 0.224225 0.471299 0
0.962561 -0.164028 0 -0.112113 -0.235649 0
-0.92286 0.332765 0 0.227616 0.470408 0
0.96143 -0.166382 0 -0.113808 -0.235204 0
-0.920565 0.337464 0 0.231009 0.469503 0
0.960283 -0.168732 0 -0.115504 -0.234752 0
-0.918237 0.342154 0 0.234403 0.468583 0
0.959118 -0.171077 0 -0.117202 -0.234292 0
-0.915874 0.346835 0 0.2378 0.467648 0
0.957937 -0.173417 0 -0.1189 -0.233824 0
-0.913477 0.351506 0 0.241198 0.466698 0
0.956739 -0.175753 0 -0.120599 -0.233349 0
-0.911046 0.356168 0 0.244597 0.465733 0
0.955523 -0.178084 0 -0.122299 -0.232867 0
-0.908582 0.36082 0 0.247999 0.464753 0
0.954291 -0.18041 0 -0.123999 -0.232377 0
-0.906083 0.365462 0 0.251402 0.463758 0
0.953042 -0.182731 0 -0.125701 -0.231879 0
-0.90355 0.370094 0 0.254807 0.462747 0
0.951775 -0.185047 0 -0.127403 -0.231374 0
-0.900984 0.374715 0 0.258213 0.461721 0
0.950492 -0.187358 0 -0.129107 -0.230861 0
-0.898383 0.379327 0 0.261622 0.46068 0
0.949191 -0.189663 0 -0.130811 -0.23034 0
-0.895748 0.383928 0 0.265033 0.459622 0
0.947874 -0.191964 0 -0.132516 -0.229811 0
-0.893079 0.388518 0 0.268445 0.45855 0
0.946539 -0.194259 0 -0.134222 -0.229275 0
-0.890375 0.393098 0 0.271859 0.457461 0
0.945188 -0.196549 0 -0.13593 -0.228731 0
-0.887638 0.397666 0 0.275275 0.456357 0
0.943819 -0.198833 0 -0.137638 -0.228179 0
-0.884866 0.402224 0 0.278693 0.455237 0
0.942433 -0.201112 0 -0.139347 -0.227618 0
-0.882061 0.40677 0 0.282113 0.454101 0
0.94103 -0.203385 0 -0.141057 -0.22705 0
-0.879221 0.411305 0 0.285535 0.452949 0
0.93961 -0.205652 0 -0.142768 -0.226474 0
-0.876347 0.415828 0 0.288959 0.45178 0
0.938173 -0.207914 0 -0.14448 -0.22589 0
-0.873438 0.420339 0 0.292385 0.450596 0
0.936719 -0.210169 0 -0.146192 -0.225298 0
-0.870495 0.424838 0 0.295813 0.449395 0
0.935248 -0.212419 0 -0.147906 -0.224697 0
-0.867518 0.429326 0 0.299243 0.448177 0
0.933759 -0.214663 0 -0.149621 -0.224088 0
-0.864507 0.433801 0 0.302675 0.446943 0
0.932254 -0.2169 0 -0.151337 -0.223471 0
-0.861462 0.438263 0 0.306108 0.445692 0
0.930731 -0.219132 0 -0.153054 -0.222846 0
-0.858382 0.442713 0 0.309544 0.444424 0
0.929191 -0.221357 0 -0.154772 -0.222212 0
-0.855267 0.44715 0 0.312982 0.44314 0
0.927634 -0.223575 0 -0.156491 -0.22157 0
-0.852118 0.451575 0 0.316423 0.441839 0
0.926059 -0.225787 0 -0.158211 -0.220919 0
-0.848935 0.455986 0 0.319865 0.44052 0
0.924468 -0.227993 0 -0.159932 -0.22026 0
-0.845718 0.460384 0 0.323309 0.439184 0
0.922859 -0.230192 0 -0.161655 -0.219592 0
-0.842466 0.464768 0 0.326756 0.437831 0
0.921233 -0.232384 0 -0.163378 -0.218915 0
-0.839179 0.469139 0 0.330204 0.43646 0
0.91959 -0.234569 0 -0.165102 -0.21823 0
-0.835858 0.473496 0 0.333655 0.435072 0
0.917929 -0.236748 0 -0.166827 -0.217536 0
-0.832503 0.477839 0 0.337108 0.433666 0
0.916251 -0.238919 0 -0.168554 -0.216833 0
-0.829113 0.482168 0 0.340563 0.432242 0
0.914556 -0.241084 0 -0.170281 -0.216121 0
-0.825688 0.486482 0 0.34402 0.430801 0
0.912844 -0.243241 0 -0.17201 -0.2154 0
-0.822229 0.490782 0 0.347479 0.429341 0
0.911114 -0.245391 0 -0.173739 -0.214671 0
-0.818735 0.495067 0 0.35094 0.427863 0
0.909367 -0.247534 0 -0.17547 -0.213932 0
-0.815206 0.499338 0 0.354404 0.426367 0
0.907603 -0.249669 0 -0.177202 -0.213183 0
-0.811643 0.503593 0 0.35787 0.424852 0
0.905822 -0.251797 0 -0.178935 -0.212426 0
-0.808046 0.507833 0 0.361338 0.423319 0
0.904023 -0.253917 0 -0.180669 -0.211659 0
-0.804413 0.512058 0 0.364808 0.421767 0
0.902207 -0.256029 0 -0.182404 -0.210883 0
-0.800746 0.516267 0 0.36828 0.420196 0
0.900373 -0.258134 0 -0.18414 -0.210098 0
-0.797044 0.52046 0 0.371755 0.418606 0
0.898522 -0.26023 0 -0.185878 -0.209303 0
-0.793307 0.524637 0 0.375232 0.416997 0
0.896654 -0.262319 0 -0.187616 -0.208499 0
-0.789536 0.528799 0 0.378711 0.415369 0
0.894768 -0.264399 0 -0.189355 -0.207684 0
-0.78573 0.532943 0 0.382192 0.413721 0
0.892865 -0.266472 0 -0.191096 -0.206861 0
-0.781888 0.537071 0 0.385676 0.412054 0
0.890944 -0.268536 0 -0.192838 -0.206027 0
-0.778013 0.541182 0 0.389161 0.410367 0
0.889006 -0.270591 0 -0.194581 -0.205183 0
-0.774102 0.545277 0 0.392649 0.40866 0
0.887051 -0.272638 0 -0.196325 -0.20433 0
-0.770156 0.549354 0 0.396139 0.406933 0
0.885078 -0.274677 0 -0.19807 -0.203466 0
-0.766175 0.553414 0 0.399631 0.405186 0
0.883088 -0.276707 0 -0.199816 -0.202593 0
-0.76216 0.557456 0 0.403126 0.403418 0
0.88108 -0.278728 0 -0.201563 -0.201709 0
-0.758109 0.56148 0 0.406622 0.40163 0
0.879055 -0.28074 0 -0.203311 -0.200815 0
-0.754024 0.565487 0 0.410121 0.399821 0
0.877012 -0.282743 0 -0.205061 -0.199911 0
-0.749904 0.569475 0 0.413622 0.397992 0
0.874952 -0.284737 0 -0.206811 -0.198996 0
-0.745748 0.573444 0 0.417125 0.396141 0
0.872874 -0.286722 0 -0.208563 -0.198071 0
-0.741558 0.577396 0 0.420631 0.394269 0
0.870779 -0.288698 0 -0.210315 -0.197135 0
-0.737332 0.581328 0 0.424138 0.392376 0
0.868666 -0.290664 0 -0.212069 -0.196188 0
-0.733071 0.585241 0 0.427648 0.390461 0
0.866536 -0.292621 0 -0.213824 -0.195231 0
-0.728775 0.589135 0 0.43116 0.388525 0
0.864388 -0.294568 0 -0.21558 -0.194262 0
-0.724445 0.59301 0 0.434674 0.386566 0
0.862222 -0.296505 0 -0.217337 -0.193283 0
-0.720078 0.596864 0 0.438189 0.384586 0
0.860039 -0.298432 0 -0.219095 -0.192293 0
-0.715677 0.600699 0 0.441708 0.382583 0
0.857839 -0.30035 0 -0.220854 -0.191291 0
-0.711241 0.604514 0 0.445228 0.380557 0
0.85562 -0.302257 0 -0.222614 -0.190279 0
-0.706769 0.608308 0 0.44875 0.378509 0
0.853385 -0.304154 0 -0.224375 -0.189255 0
-0.702262 0.612082 0 0.452274 0.376438 0
0.851131 -0.306041 0 -0.226137 -0.188219 0
-0.69772 0.615835 0 0.4558 0.374344 0
0.84886 -0.307917 0 -0.2279 -0.187172 0
-0.693143 0.619567 0 0.459328 0.372227 0
0.846571 -0.309783 0 -0.229664 -0.186113 0
-0.68853 0.623277 0 0.462859 0.370086 0
0.844265 -0.311639 0 -0.231429 -0.185043 0
-0.683882 0.626966 0 0.466391 0.367922 0
0.841941 -0.313483 0 -0.233195 -0.183961 0
-0.679199 0.630633 0 0.469925 0.365733 0
0.839599 -0.315317 0 -0.234962 -0.182867 0
-0.67448 0.634279 0 0.473461 0.36352 0
0.83724 -0.317139 0 -0.23673 -0.18176 0
-0.669726 0.637901 0 0.476998 0.361283 0
0.834863 -0.318951 0 -0.238499 -0.180642 0
-0.664936 0.641502 0 0.480538 0.359022 0
0.832468 -0.320751 0 -0.240269 -0.179511 0
-0.660112 0.64508 0 0.484079 0.356736 0
0.830056 -0.32254 0 -0.24204 -0.178368 0
-0.655251 0.648634 0 0.487622 0.354424 0
0.827626 -0.324317 0 -0.243811 -0.177212 0
-0.650356 0.652166 0 0.491167 0.352087 0
0.825178 -0.326083 0 -0.245584 -0.176044 0
-0.645424 0.655674 0 0.494714 0.349725 0
0.822712 -0.327837 0 -0.247357 -0.174863 0
-0.640458 0.659158 0 0.498262 0.347337 0
0.820229 -0.329579 0 -0.249131 -0.173669 0
-0.635456 0.662618 0 0.501811 0.344923 0
0.817728 -0.331309 0 -0.250906 -0.172461 0
-0.630418 0.666054 0 0.505362 0.342483 0
0.815209 -0.333027 0 -0.252681 -0.171241 0
-0.625345 0.669465 0 0.508915 0.340016 0
0.812672 -0.334732 0 -0.254458 -0.170008 0
-0.620236 0.672851 0 0.512469 0.337522 0
0.810118 -0.336426 0 -0.256235 -0.168761 0
-0.615092 0.676213 0 0.516025 0.335002 0
0.807546 -0.338106 0 -0.258012 -0.167501 0
-0.609912 0.679549 0 0.519582 0.332454 0
0.804956 -0.339774 0 -0.259791 -0.166227 0
-0.604697 0.682859 0 0.52314 0.329878 0
0.802348 -0.34143 0 -0.26157 -0.164939 0
-0.599446 0.686144 0 0.526699 0.327275 0
0.799723 -0.343072 0 -0.26335 -0.163637 0
-0.594159 0.689402 0 0.53026 0.324644 0
0.79708 -0.344701 0 -0.26513 -0.162322 0
-0.588837 0.692634 0 0.533822 0.321984 0
0.794418 -0.346317 0 -0.266911 -0.160992 0
-0.583479 0.695839 0 0.537384 0.319295 0
0.79174 -0.347919 0 -0.268692 -0.159648 0
-0.578086 0.699017 0 0.540948 0.316578 0
0.789043 -0.349508 0 -0.270474 -0.158289 0
-0.572657 0.702168 0 0.544512 0.313831 0
0.786328 -0.351084 0 -0.272256 -0.156915 0
-0.567192 0.705291 0 0.548078 0.311055 0
0.783596 -0.352645 0 -0.274039 -0.155527 0
-0.561692 0.708386 0 0.551644 0.308248 0
0.780846 -0.354193 0 -0.275822 -0.154124 0
-0.556155 0.711453 0 0.555211 0.305412 0
0.778078 -0.355726 0 -0.277605 -0.152706 0
-0.550584 0.714491 0 0.558778 0.302545 0
0.775292 -0.357246 0 -0.279389 -0.151273 0
-0.544976 0.717501 0 0.562346 0.299648 0
0.772488 -0.35875 0 -0.281173 -0.149824 0
-0.539333 0.720481 0 0.565914 0.296719 0
0.769667 -0.360241 0 -0.282957 -0.148359 0
-0.533654 0.723432 0 0.569482 0.293759 0
0.766827 -0.361716 0 -0.284741 -0.146879 0
-0.52794 0.726353 0 0.573051 0.290767 0
0.76397 -0.363177 0 -0.286525 -0.145383 0
-0.52219 0.729244 0 0.576619 0.287742 0
0.761095 -0.364622 0 -0.28831 -0.143871 0
-0.516404 0.732105 0 0.580188 0.284686 0
0.758202 -0.366052 0 -0.290094 -0.142343 0
-0.510583 0.734935 0 0.583757 0.281596 0
0.755291 -0.367467 0 -0.291878 -0.140798 0
-0.504725 0.737734 0 0.587325 0.278474 0
0.752363 -0.368867 0 -0.293663 -0.139237 0
-0.498832 0.740501 0 0.590893 0.275318 0
0.749416 -0.37025 0 -0.295447 -0.137659 0
-0.492904 0.743237 0 0.594461 0.272127 0
0.746452 -0.371618 0 -0.29723 -0.136064 0
-0.48694 0.74594 0 0.598027 0.268903 0
0.74347 -0.37297 0 -0.299014 -0.134452 0
-0.48094 0.748611 0 0.601594 0.265644 0
0.74047 -0.374306 0 -0.300797 -0.132822 0
-0.474904 0.75125 0 0.605159 0.26235 0
0.737452 -0.375625 0 -0.302579 -0.131175 0
-0.468833 0.753855 0 0.608723 0.259021 0
0.734417 -0.376927 0 -0.304362 -0.12951 0
-0.462726 0.756427 0 0.612286 0.255656 0
0.731363 -0.378213 0 -0.306143 -0.127828 0
-0.456584 0.758964 0 0.615848 0.252254 0
0.728292 -0.379482 0 -0.307924 -0.126127 0
-0.450406 0.761468 0 0.619408 0.248816 0
0.725203 -0.380734 0 -0.309704 -0.124408 0
-0.444192 0.763937 0 0.622967 0.245341 0
0.722096 -0.381969 0 -0.311483 -0.122671 0
-0.437943 0.766371 0 0.626524 0.241829 0
0.718971 -0.383186 0 -0.313262 -0.120914 0
-0.431658 0.76877 0 0.630078 0.238279 0
0.715829 -0.384385 0 -0.315039 -0.119139 0
-0.425338 0.771133 0 0.633631 0.23469 0
0.712669 -0.385567 0 -0.316816 -0.117345 0
-0.418982 0.77346 0 0.637181 0.231063 0
0.709491 -0.38673 0 -0.318591 -0.115531 0
-0.412591 0.775751 0 0.640729 0.227396 0
0.706295 -0.387875 0 -0.320365 -0.113698 0
-0.406164 0.778004 0 0.644274 0.22369 0
0.703082 -0.389002 0 -0.322137 -0.111845 0
-0.399702 0.780221 0 0.647816 0.219944 0
0.699851 -0.39011 0 -0.323908 -0.109972 0
-0.393204 0.782399 0 0.651355 0.216158 0
0.696602 -0.3912 0 -0.325678 -0.108079 0
-0.386671 0.78454 0 0.654891 0.21233 0
0.693335 -0.39227 0 -0.327446 -0.106165 0
-0.380103 0.786642 0 0.658423 0.208461 0
0.690051 -0.393321 0 -0.329212 -0.10423 0
-0.373499 0.788705 0 0.661951 0.20455 0
0.686749 -0.394353 0 -0.330976 -0.102275 0
-0.36686 0.790729 0 0.665475 0.200596 0
0.68343 -0.395364 0 -0.332738 -0.100298 0
-0.360186 0.792713 0 0.668995 0.1966 0
0.680093 -0.396356 0 -0.334498 -0.0982999 0
-0.353477 0.794657 0 0.67251 0.19256 0
0.676738 -0.397328 0 -0.336255 -0.0962799 0
-0.346732 0.79656 0 0.67602 0.188476 0
0.673366 -0.39828 0 -0.33801 -0.0942379 0
-0.339953 0.798422 0 0.679526 0.184347 0
0.669976 -0.399211 0 -0.339763 -0.0921737 0
-0.333138 0.800242 0 0.683025 0.180174 0
0.666569 -0.400121 0 -0.341513 -0.090087 0
-0.326289 0.802021 0 0.686519 0.175955 0
0.663144 -0.401011 0 -0.34326 -0.0879774 0
-0.319404 0.803757 0 0.690007 0.17169 0
0.659702 -0.401879 0 -0.345004 -0.0858448 0
-0.312485 0.80545 0 0.693489 0.167378 0
0.656243 -0.402725 0 -0.346744 -0.0836889 0
-0.305531 0.8071 0 0.696964 0.163019 0
0.652766 -0.40355 0 -0.348482 -0.0815094 0
-0.298542 0.808706 0 0.700432 0.158612 0
0.649271 -0.404353 0 -0.350216 -0.079306 0
-0.291519 0.810268 0 0.703893 0.154157 0
0.64576 -0.405134 0 -0.351946 -0.0770783 0
-0.284461 0.811785 0 0.707345 0.149652 0
0.642231 -0.405892 0 -0.353673 -0.0748262 0
-0.277369 0.813256 0 0.71079 0.145099 0
0.638684 -0.406628 0 -0.355395 -0.0725493 0
-0.270242 0.814682 0 0.714227 0.140495 0
0.635121 -0.407341 0 -0.357113 -0.0702473 0
-0.263081 0.816061 0 0.717654 0.13584 0
0.63154 -0.408031 0 -0.358827 -0.06792 0
-0.255885 0.817394 0 0.721072 0.131134 0
0.627943 -0.408697 0 -0.360536 -0.0655669 0
-0.248656 0.818679 0 0.724481 0.126376 0
0.624328 -0.40934 0 -0.36224 -0.0631878 0
-0.241392 0.819916 0 0.727879 0.121565 0
0.620696 -0.409958 0 -0.36394 -0.0607824 0
-0.234095 0.821105 0 0.731267 0.116701 0
0.617048 -0.410553 0 -0.365634 -0.0583503 0
-0.226764 0.822245 0 0.734644 0.111782 0
0.613382 -0.411123 0 -0.367322 -0.0558912 0
-0.219399 0.823336 0 0.738009 0.10681 0
0.609699 -0.411668 0 -0.369005 -0.0534048 0
-0.212 0.824376 0 0.741363 0.101782 0
0.606 -0.412188 0 -0.370681 -0.0508908 0
-0.204568 0.825366 0 0.744703 0.0966974 0
0.602284 -0.412683 0 -0.372352 -0.0483487 0
-0.197103 0.826305 0 0.748031 0.0915565 0
0.598551 -0.413153 0 -0.374015 -0.0457783 0
-0.189604 0.827192 0 0.751345 0.0863583 0
0.594802 -0.413596 0 -0.375673 -0.0431791 0
-0.182073 0.828027 0 0.754645 0.0811019 0
0.591036 -0.414013 0 -0.377322 -0.0405509 0
-0.174508 0.828809 0 0.75793 0.0757866 0
0.587254 -0.414404 0 -0.378965 -0.0378933 0
-0.166911 0.829537 0 0.7612 0.0704118 0
0.583455 -0.414768 0 -0.3806 -0.0352059 0
-0.159281 0.830211 0 0.764454 0.0649767 0
0.579641 -0.415106 0 -0.382227 -0.0324883 0
-0.151619 0.830831 0 0.767691 0.0594805 0
0.575809 -0.415415 0 -0.383846 -0.0297402 0
-0.143924 0.831395 0 0.770911 0.0539224 0
0.571962 -0.415698 0 -0.385456 -0.0269612 0
-0.136197 0.831903 0 0.774113 0.0483017 0
0.568099 -0.415952 0 -0.387057 -0.0241509 0
-0.128439 0.832355 0 0.777297 0.0426177 0
0.564219 -0.416178 0 -0.388648 -0.0213088 0
-0.120648 0.83275 0 0.780461 0.0368694 0
0.560324 -0.416375 0 -0.39023 -0.0184347 0
-0.112826 0.833087 0 0.783605 0.0310562 0
0.556413 -0.416543 0 -0.391802 -0.0155281 0
-0.104973 0.833365 0 0.786728 0.0251772 0
0.552487 -0.416682 0 -0.393364 -0.0125886 0
-0.0970887 0.833584 0 0.789829 0.0192316 0
0.548544 -0.416792 0 -0.394915 -0.00961579 0
-0.0891735 0.833743 0 0.792908 0.0132185 0
0.544587 -0.416872 0 -0.396454 -0.00660926 0
-0.0812276 0.833842 0 0.795963 0.00713719 0
0.540614 -0.416921 0 -0.397982 -0.00356859 0
-0.0732513 0.83388 0 0.798995 0.000986724 0
0.536626 -0.41694 0 -0.399497 -0.000493362 0
-0.0652448 0.833855 0 0.802001 -0.00523372 0
0.532622 -0.416928 0 -0.401 0.00261686 0
-0.0572083 0.833769 0 0.804981 -0.011525 0
0.528604 -0.416884 0 -0.40249 0.0057625 0
-0.0491423 0.833618 0 0.807934 -0.017888 0
0.524571 -0.416809 0 -0.403967 0.008944 0
-0.0410468 0.833404 0 0.810859 -0.0243236 0
0.520523 -0.416702 0 -0.405429 0.0121618 0
-0.0329223 0.833125 0 0.813754 -0.0308327 0
0.516461 -0.416563 0 -0.406877 0.0154163 0
-0.0247689 0.832781 0 0.81662 -0.0374161 0
0.512384 -0.41639 0 -0.40831 0.0187081 0
-0.0165871 0.83237 0 0.819455 -0.0440749 0
0.508294 -0.416185 0 -0.409727 0.0220375 0
-0.00837715 0.831892 0 0.822257 -0.0508099 0
0.504189 -0.415946 0 -0.411128 0.0254049 0
-0.000139327 0.831347 0 0.825025 -0.057622 0
0.50007 -0.415673 0 -0.412513 0.028811 0
0.00812599 0.830733 0 0.827759 -0.0645121 0
0.495937 -0.415366 0 -0.413879 0.0322561 0
0.0164184 0.830049 0 0.830457 -0.0714813 0
0.491791 -0.415025 0 -0.415228 0.0357406 0
0.0247377 0.829296 0 0.833117 -0.0785303 0
0.487631 -0.414648 0 -0.416559 0.0392652 0
0.0330833 0.828471 0 0.835739 -0.0856602 0
0.483458 -0.414236 0 -0.41787 0.0428301 0
0.0414549 0.827575 0 0.838321 -0.092872 0
0.479273 -0.413788 0 -0.419161 0.046436 0
0.0498522 0.826606 0 0.840862 -0.100167 0
0.475074 -0.413303 0 -0.420431 0.0500833 0
0.0582746 0.825564 0 0.84336 -0.107545 0
0.470863 -0.412782 0 -0.42168 0.0537724 0
0.0667217 0.824448 0 0.845813 -0.115008 0
0.466639 -0.412224 0 -0.422907 0.0575039 0
0.0751931 0.823256 0 0.848221 -0.122556 0
0.462403 -0.411628 0 -0.424111 0.0612782 0
0.0836883 0.821989 0 0.850581 -0.130192 0
0.458156 -0.410994 0 -0.425291 0.0650959 0
0.0922069 0.820645 0 0.852892 -0.137915 0
0.453897 -0.410322 0 -0.426446 0.0689573 0
0.100748 0.819222 0 0.855153 -0.145726 0
0.449626 -0.409611 0 -0.427576 0.072863 0
0.109312 0.817722 0 0.85736 -0.153627 0
0.445344 -0.408861 0 -0.42868 0.0768135 0
0.117898 0.816142 0 0.859514 -0.161619 0
0.441051 -0.408071 0 -0.429757 0.0808093 0
0.126504 0.814481 0 0.861611 -0.169701 0
0.436748 -0.407241 0 -0.430805 0.0848507 0
0.135132 0.812739 0 0.86365 -0.177877 0
0.432434 -0.40637 0 -0.431825 0.0889384 0
0.143779 0.810915 0 0.865629 -0.186146 0
0.42811 -0.405458 0 -0.432814 0.0930728 0
0.152446 0.809008 0 0.867545 -0.194509 0
0.423777 -0.404504 0 -0.433773 0.0972543 0
0.161132 0.807016 0 0.869398 -0.202967 0
0.419434 -0.403508 0 -0.434699 0.101484 0
0.169835 0.80494 0 0.871183 -0.211522 0
0.415082 -0.40247 0 -0.435592 0.105761 0
0.178557 0.802777 0 0.872901 -0.220173 0
0.410722 -0.401388 0 -0.43645 0.110087 0
0.187295 0.800527 0 0.874547 -0.228923 0
0.406353 -0.400264 0 -0.437273 0.114461 0
0.196049 0.798189 0 0.876119 -0.237771 0
0.401975 -0.399095 0 -0.43806 0.118886 0
0.204819 0.795762 0 0.877616 -0.24672 0
0.397591 -0.397881 0 -0.438808 0.12336 0
0.213603 0.793245 0 0.879034 -0.255769 0
0.393199 -0.396623 0 -0.439517 0.127884 0
0.2224 0.790638 0 0.880372 -0.264919 0
0.3888 -0.395319 0 -0.440186 0.13246 0
0.231211 0.787938 0 0.881625 -0.274172 0
0.384394 -0.393969 0 -0.440813 0.137086 0
0.240034 0.785144 0 0.882793 -0.283528 0
0.379983 -0.392572 0 -0.441396 0.141764 0
0.248868 0.782257 0 0.88387 -0.292988 0
0.375566 -0.391129 0 -0.441935 0.146494 0
SIMULATION END
